subject,predicate,object,truth,jaccard,adamic_adar,pra,kl,simrank,degree_product,ks,pathent,ensemble_score
http://dbpedia.org/resource/Gregory_Bateson,http://dbpedia.org/ontology/birthPlace,http://dbpedia.org/resource/Grantchester,1,0.0,0.0,1.0,0.073111,0.000169,650.0,0.034462,2914.342512,0.9817114064515056
http://dbpedia.org/resource/C._S._Forester,http://dbpedia.org/ontology/birthPlace,http://dbpedia.org/resource/Cairo,1,0.001075,0.348404,1.0,0.075999,0.000114,54990.0,0.045356,4181.19376,0.9817114064515056
http://dbpedia.org/resource/Emma_Goldman,http://dbpedia.org/ontology/deathPlace,http://dbpedia.org/resource/Toronto,1,0.000113,0.110131,1.0,0.059937,3.6e-05,298486.0,0.04189,7992.352738,0.9637082925525916
http://dbpedia.org/resource/Abd_al-Rahman_I,http://dbpedia.org/ontology/birthPlace,http://dbpedia.org/resource/Damascus,1,0.0,0.0,0.0,0.070612,3.1e-05,5355.0,0.050632,-12.01276,0.980030433896028
http://dbpedia.org/resource/Augustus_II_the_Strong,http://dbpedia.org/ontology/deathPlace,http://dbpedia.org/resource/Warsaw,1,0.0,0.0,1.0,0.072804,0.00017,67914.0,0.077942,252.210959,0.9549107608205248
http://dbpedia.org/resource/Augustus_II_the_Strong,http://dbpedia.org/ontology/birthPlace,http://dbpedia.org/resource/Dresden,1,0.0,0.0,0.0,0.093266,8.5e-05,15290.0,0.089231,294.820211,0.9337081663960963
http://dbpedia.org/resource/Hawley_Harvey_Crippen,http://dbpedia.org/ontology/deathPlace,http://dbpedia.org/resource/London,1,8.8e-05,0.196315,1.0,0.06543,0.000377,136866.0,0.068394,2658.249021,0.9859545515457097
http://dbpedia.org/resource/J._R._R._Tolkien,http://dbpedia.org/ontology/deathPlace,http://dbpedia.org/resource/Bournemouth,1,0.005199,0.849342,1.0,0.112545,0.000139,60691.0,0.112085,7205.996637,0.9969582159064359
http://dbpedia.org/resource/Abbas_II_of_Egypt,http://dbpedia.org/ontology/birthPlace,http://dbpedia.org/resource/Alexandria,1,0.0,0.0,0.0,0.078208,0.000271,5688.0,0.047468,421.423598,0.9785286498907707
http://dbpedia.org/resource/John_von_Neumann,http://dbpedia.org/ontology/birthPlace,http://dbpedia.org/resource/Budapest,1,0.001872,1.890915,1.0,0.086776,0.000119,611684.0,0.098703,4162.407144,0.9935529729552348
http://dbpedia.org/resource/Joris_Ivens,http://dbpedia.org/ontology/birthPlace,http://dbpedia.org/resource/Nijmegen,1,0.003906,0.105761,1.0,0.063347,0.000184,5800.0,0.034252,48075.214562,0.8230928162257918
http://dbpedia.org/resource/Benoit_Mandelbrot,http://dbpedia.org/ontology/birthPlace,http://dbpedia.org/resource/Warsaw,1,0.0,0.0,0.0,0.076464,7e-05,37044.0,0.04308,245.737563,0.9795583816684938
http://dbpedia.org/resource/J._R._R._Tolkien,http://dbpedia.org/ontology/birthPlace,http://dbpedia.org/resource/Bloemfontein,1,0.002342,0.222232,1.0,0.0895,4.6e-05,39867.0,0.049128,8441.21223,0.6661735133081876
http://dbpedia.org/resource/Anton_Chekhov,http://dbpedia.org/ontology/birthPlace,http://dbpedia.org/resource/Taganrog,1,0.009494,1.590353,1.0,0.127717,0.001073,24790.0,0.195843,4067.554178,0.9888163700494691
http://dbpedia.org/resource/Aaliyah,http://dbpedia.org/ontology/deathPlace,http://dbpedia.org/resource/Marsh_Harbour,1,0.032258,0.5092,1.0,0.165825,0.001485,495.0,0.095992,7915.943901,0.9924366691650782
http://dbpedia.org/resource/Ivan_Bunin,http://dbpedia.org/ontology/deathPlace,http://dbpedia.org/resource/Paris,1,0.000198,0.199036,1.0,0.059535,0.000502,201460.0,0.041606,3322.896622,0.973085995073107
http://dbpedia.org/resource/Alexander_Kerensky,http://dbpedia.org/ontology/birthPlace,http://dbpedia.org/resource/Ulyanovsk,1,0.008264,0.352956,1.0,0.120166,0.000333,2937.0,0.094572,4058.587262,0.9865442846621211
http://dbpedia.org/resource/Ernst_Mayr,http://dbpedia.org/ontology/birthPlace,http://dbpedia.org/resource/Kempten,1,0.0,0.0,1.0,0.068387,9.3e-05,817.0,0.030608,1568.478536,0.9845220689381121
http://dbpedia.org/resource/Austen_Henry_Layard,http://dbpedia.org/ontology/deathPlace,http://dbpedia.org/resource/London,1,0.000131,0.712288,1.0,0.074976,0.000478,342165.0,0.078423,4371.901115,0.988706461248586
http://dbpedia.org/resource/Douglas_Adams,http://dbpedia.org/ontology/deathPlace,"http://dbpedia.org/resource/Santa_Barbara,_California",1,0.0,0.0,1.0,0.075996,2.7e-05,37250.0,0.057783,453.318062,0.9576202555023582
http://dbpedia.org/resource/James_Wilkinson,http://dbpedia.org/ontology/birthPlace,"http://dbpedia.org/resource/Benedict,_Maryland",1,0.032258,0.220624,0.0,0.144532,0.00211,112.0,0.061053,65.662996,0.9885221920193143
http://dbpedia.org/resource/Arthur_de_Gobineau,http://dbpedia.org/ontology/birthPlace,http://dbpedia.org/resource/Ville-d'Avray,1,0.0,0.0,1.0,0.091071,0.00106,260.0,0.057444,880.87786,0.5157459294661639
"http://dbpedia.org/resource/Francis_II,_Holy_Roman_Emperor",http://dbpedia.org/ontology/birthPlace,http://dbpedia.org/resource/Florence,1,0.0,0.0,0.0,0.074633,3.3e-05,39237.0,0.053135,75.799053,0.9795583816684938
http://dbpedia.org/resource/John_A._Roebling,http://dbpedia.org/ontology/birthPlace,http://dbpedia.org/resource/Mühlhausen,1,0.0,0.0,1.0,0.095077,0.000108,306.0,0.048281,1331.087317,0.9881419196943553
http://dbpedia.org/resource/Cornelius_Johnson_(artist),http://dbpedia.org/ontology/deathPlace,http://dbpedia.org/resource/Utrecht,1,0.001623,0.105761,1.0,0.069671,0.000419,3060.0,0.035725,4202.850869,0.988706461248586
http://dbpedia.org/resource/John_A._Macdonald,http://dbpedia.org/ontology/deathPlace,http://dbpedia.org/resource/Ottawa,1,0.001453,0.841355,1.0,0.092224,0.000484,180230.0,0.136882,4381.721602,0.9625916387698153
http://dbpedia.org/resource/John_A._Roebling,http://dbpedia.org/ontology/deathPlace,http://dbpedia.org/resource/New_York_City,1,8.3e-05,0.459818,1.0,0.072156,0.0004,216117.0,0.051107,2522.56036,0.988706461248586
http://dbpedia.org/resource/James_Wilkinson,http://dbpedia.org/ontology/deathPlace,http://dbpedia.org/resource/Mexico_City,1,0.000673,0.700454,1.0,0.106414,0.000105,124180.0,0.144137,3684.491273,0.994744103026245
http://dbpedia.org/resource/Arthur_de_Gobineau,http://dbpedia.org/ontology/deathPlace,http://dbpedia.org/resource/Turin,1,0.001561,0.266214,1.0,0.062247,0.000151,16510.0,0.04225,4256.723654,0.973085995073107
http://dbpedia.org/resource/Frédéric_Bastiat,http://dbpedia.org/ontology/deathPlace,http://dbpedia.org/resource/Rome,1,0.000316,0.261189,1.0,0.062314,0.000111,119757.0,0.036329,9741.325251,0.9637082925525916
http://dbpedia.org/resource/Adelaide_of_Italy,http://dbpedia.org/ontology/birthPlace,http://dbpedia.org/resource/Orbe,1,0.0,0.0,1.0,0.065264,0.00059,330.0,0.017348,872.429811,0.8153286105963006
"http://dbpedia.org/resource/Albert_VII,_Archduke_of_Austria",http://dbpedia.org/ontology/birthPlace,http://dbpedia.org/resource/Wiener_Neustadt,1,0.0,0.0,0.0,0.06119,3.2e-05,930.0,0.042907,-14.538223,0.9789092884992034
http://dbpedia.org/resource/Irenaeus,http://dbpedia.org/ontology/birthPlace,http://dbpedia.org/resource/İzmir,1,0.001799,0.100354,0.0,0.077524,0.000142,6540.0,0.056701,3550.124245,0.99253279818521
http://dbpedia.org/resource/Henry_Moseley,http://dbpedia.org/ontology/birthPlace,"http://dbpedia.org/resource/Weymouth,_Dorset",1,0.008264,0.141226,1.0,0.078409,0.000293,1605.0,0.051149,4694.308851,0.9817114064515056
http://dbpedia.org/resource/Eduard_von_Böhm-Ermolli,http://dbpedia.org/ontology/birthPlace,http://dbpedia.org/resource/Ancona,1,0.0,0.0,0.0,0.060211,3.5e-05,1573.0,0.035055,31.811331,0.9807734595088844
http://dbpedia.org/resource/Henry_I_of_England,http://dbpedia.org/ontology/deathPlace,http://dbpedia.org/resource/Lyons-la-Forêt,1,0.0,0.0,1.0,0.08401,0.000767,66.0,0.032816,-18.354889,0.9745907008493714
http://dbpedia.org/resource/Irenaeus,http://dbpedia.org/ontology/deathPlace,http://dbpedia.org/resource/Lyon,1,0.001873,0.648658,1.0,0.102502,0.001252,12696.0,0.092601,4319.640951,0.978975859125455
http://dbpedia.org/resource/F._F._E._Yeo-Thomas,http://dbpedia.org/ontology/deathPlace,http://dbpedia.org/resource/Paris,1,0.0,0.0,1.0,0.059226,7.9e-05,80584.0,0.037803,3289.969428,0.973085995073107
http://dbpedia.org/resource/Eugene_Wigner,http://dbpedia.org/ontology/deathPlace,"http://dbpedia.org/resource/Princeton,_New_Jersey",1,0.0,0.0,1.0,0.083965,0.00019,8942.0,0.065928,4175.967395,0.988706461248586
http://dbpedia.org/resource/Anton_Chekhov,http://dbpedia.org/ontology/deathPlace,http://dbpedia.org/resource/Badenweiler,1,0.0,0.0,1.0,0.099431,0.000127,1340.0,0.048992,3316.483914,0.9811230458956631
"http://dbpedia.org/resource/Diana,_Princess_of_Wales",http://dbpedia.org/ontology/deathPlace,http://dbpedia.org/resource/Paris,1,9.9e-05,0.352956,1.0,0.076623,0.000166,221606.0,0.0513,27.665736,0.9311037687095348
http://dbpedia.org/resource/Abd_al-Rahman_I,http://dbpedia.org/ontology/deathPlace,"http://dbpedia.org/resource/Córdoba,_Spain",1,0.0,0.0,1.0,0.072711,7.2e-05,1680.0,0.043868,-13.685083,0.9048474909911142
http://dbpedia.org/resource/Frank_Capra,http://dbpedia.org/ontology/birthPlace,http://dbpedia.org/resource/Bisacquino,1,0.0,0.0,0.0,0.062421,1.1e-05,396.0,0.036751,-15.769936,0.9832827331606449
"http://dbpedia.org/resource/Albert_VII,_Archduke_of_Austria",http://dbpedia.org/ontology/deathPlace,http://dbpedia.org/resource/Brussels,1,0.0,0.0,1.0,0.088676,0.00017,29055.0,0.070726,34.054267,0.9748743097626352
http://dbpedia.org/resource/Catherine_of_Aragon,http://dbpedia.org/ontology/deathPlace,http://dbpedia.org/resource/Huntingdonshire,1,0.0,0.0,1.0,0.062229,6.1e-05,885.0,0.034582,-14.609771,0.7970478397744426
http://dbpedia.org/resource/C._S._Forester,http://dbpedia.org/ontology/deathPlace,"http://dbpedia.org/resource/Fullerton,_California",1,0.0,0.0,1.0,0.049798,4.8e-05,5790.0,0.031849,4267.627345,0.9572063562647041
http://dbpedia.org/resource/John_von_Neumann,http://dbpedia.org/ontology/deathPlace,"http://dbpedia.org/resource/Washington,_D.C.",1,0.000242,0.195641,1.0,0.067314,5.5e-05,1203684.0,0.069992,1738.451826,0.9904525513683866
"http://dbpedia.org/resource/Christina,_Queen_of_Sweden",http://dbpedia.org/ontology/deathPlace,http://dbpedia.org/resource/Rome,1,0.0,0.0,1.0,0.051436,2.3e-05,37818.0,0.039981,-9.193523,0.7751615203826189
http://dbpedia.org/resource/James_Clavell,http://dbpedia.org/ontology/birthPlace,http://dbpedia.org/resource/Sydney,1,0.0,0.0,0.0,0.056547,1.2e-05,126960.0,0.051408,8.418581,0.973199395948741
http://dbpedia.org/resource/Henry_Moseley,http://dbpedia.org/ontology/deathPlace,http://dbpedia.org/resource/Gelibolu,1,0.0,0.0,1.0,0.075922,5.9e-05,360.0,0.038365,151.553694,0.9549107608205248
http://dbpedia.org/resource/George_Frideric_Handel,http://dbpedia.org/ontology/deathPlace,http://dbpedia.org/resource/London,1,8.8e-05,0.196315,1.0,0.063235,0.000176,410598.0,0.068808,2451.406212,0.9836050322237477
http://dbpedia.org/resource/Gregory_Bateson,http://dbpedia.org/ontology/deathPlace,http://dbpedia.org/resource/San_Francisco,1,0.000185,0.217147,1.0,0.073474,9.7e-05,267500.0,0.071441,449.433678,0.9576202555023582
http://dbpedia.org/resource/Fay_Wray,http://dbpedia.org/ontology/deathPlace,http://dbpedia.org/resource/New_York_City,1,4.2e-05,0.276938,1.0,0.06804,4.8e-05,1416767.0,0.074585,1091.203013,0.9904525513683866
http://dbpedia.org/resource/Alfred_Hitchcock,http://dbpedia.org/ontology/deathPlace,"http://dbpedia.org/resource/Bel_Air,_Los_Angeles",1,0.015748,0.378093,1.0,0.121638,0.000164,3458.0,0.071472,7095.931011,0.995067678108366
http://dbpedia.org/resource/Frank_Capra,http://dbpedia.org/ontology/deathPlace,"http://dbpedia.org/resource/La_Quinta,_California",1,0.0,0.0,1.0,0.065209,9e-05,1716.0,0.046122,26.398006,0.9155151286864881
http://dbpedia.org/resource/Eduard_von_Böhm-Ermolli,http://dbpedia.org/ontology/deathPlace,http://dbpedia.org/resource/Opava,1,0.0,0.0,1.0,0.060184,5.6e-05,1023.0,0.033388,-14.400721,0.7970478397744426
http://dbpedia.org/resource/James_Clavell,http://dbpedia.org/ontology/deathPlace,http://dbpedia.org/resource/Vevey,1,0.0,0.0,1.0,0.077855,0.000132,1748.0,0.045192,8409.247979,0.9825864865175163
http://dbpedia.org/resource/Hawley_Harvey_Crippen,http://dbpedia.org/ontology/birthPlace,"http://dbpedia.org/resource/Coldwater,_Michigan",1,0.0,0.0,1.0,0.049677,0.000132,396.0,0.020252,2570.689749,0.9320416523205471
http://dbpedia.org/resource/John_A._Macdonald,http://dbpedia.org/ontology/birthPlace,http://dbpedia.org/resource/Glasgow,1,0.000433,0.227296,1.0,0.061554,4.3e-05,305118.0,0.057859,3846.392276,0.9568382133304646
http://dbpedia.org/resource/Bernardo_O'Higgins,http://dbpedia.org/ontology/birthPlace,http://dbpedia.org/resource/Chillán,1,0.015873,0.558111,0.0,0.152603,0.00141,903.0,0.139506,252.852652,0.9885221920193143
http://dbpedia.org/resource/Alexander_Kerensky,http://dbpedia.org/ontology/deathPlace,http://dbpedia.org/resource/New_York_City,1,8.3e-05,0.199565,1.0,0.067247,4.9e-05,792429.0,0.069474,2419.615756,0.9904525513683866
http://dbpedia.org/resource/Eugene_Wigner,http://dbpedia.org/ontology/birthPlace,http://dbpedia.org/resource/Budapest,1,0.001206,1.061232,1.0,0.082237,0.000476,70261.0,0.091269,4107.356831,0.9817114064515056
http://dbpedia.org/resource/Jean-Jacques_Rousseau,http://dbpedia.org/ontology/deathPlace,http://dbpedia.org/resource/Ermenonville,1,0.0,0.0,1.0,0.070219,0.000559,396.0,0.025772,7177.457578,0.9904802419711071
http://dbpedia.org/resource/Adelaide_of_Italy,http://dbpedia.org/ontology/deathPlace,http://dbpedia.org/resource/Alsace,1,0.0,0.0,1.0,0.077634,0.000245,2580.0,0.059566,4652.011751,0.988706461248586
http://dbpedia.org/resource/Emma_Goldman,http://dbpedia.org/ontology/birthPlace,http://dbpedia.org/resource/Kaunas,1,0.00431,0.396404,1.0,0.087828,0.000126,14688.0,0.058225,5237.361897,0.9935529729552348
http://dbpedia.org/resource/Alfred_Hitchcock,http://dbpedia.org/ontology/birthPlace,http://dbpedia.org/resource/London,1,0.000131,1.347941,1.0,0.077036,7.8e-05,2075801.0,0.098428,3006.419576,0.9817114064515056
http://dbpedia.org/resource/Joe_Strummer,http://dbpedia.org/ontology/deathPlace,"http://dbpedia.org/resource/Broomfield,_Somerset",1,0.0,0.0,1.0,0.05886,0.000216,804.0,0.023438,11619.950091,0.9637082925525916
http://dbpedia.org/resource/F._F._E._Yeo-Thomas,http://dbpedia.org/ontology/birthPlace,http://dbpedia.org/resource/London,1,0.0,0.0,0.0,0.056491,5.6e-05,182488.0,0.043265,779.453742,0.9743295694533194
"http://dbpedia.org/resource/Christina,_Queen_of_Sweden",http://dbpedia.org/ontology/birthPlace,http://dbpedia.org/resource/Stockholm,1,0.0,0.0,0.0,0.065548,0.000781,25890.0,0.041565,32.004599,0.9832071545393801
http://dbpedia.org/resource/Aaliyah,http://dbpedia.org/ontology/birthPlace,http://dbpedia.org/resource/Brooklyn,1,0.00032,0.36669,0.0,0.074237,0.000149,341165.0,0.063984,2194.942356,0.99253279818521
"http://dbpedia.org/resource/Diana,_Princess_of_Wales",http://dbpedia.org/ontology/birthPlace,"http://dbpedia.org/resource/Sandringham,_Norfolk",1,0.0,0.0,0.0,0.14522,0.000883,110.0,0.066229,451.639573,0.9879384457262705
http://dbpedia.org/resource/Joseph_Conrad,http://dbpedia.org/ontology/deathPlace,http://dbpedia.org/resource/Bishopsbourne,1,0.025,0.123816,1.0,0.090724,0.001221,238.0,0.040681,4530.157762,0.9584258893747768
http://dbpedia.org/resource/Amerigo_Vespucci,http://dbpedia.org/ontology/deathPlace,http://dbpedia.org/resource/Seville,1,0.0,0.0,1.0,0.071108,0.000117,6780.0,0.052491,4936.979039,0.988706461248586
http://dbpedia.org/resource/John_Stuart_Mill,http://dbpedia.org/ontology/birthPlace,http://dbpedia.org/resource/London_Borough_of_Islington,1,0.006623,0.096663,0.0,0.06469,0.000112,5740.0,0.032715,257.403716,0.9806198633934905
http://dbpedia.org/resource/Henry_I_of_England,http://dbpedia.org/ontology/birthPlace,http://dbpedia.org/resource/Selby,1,0.0,0.0,0.0,0.060528,0.000194,1298.0,0.027168,14.894967,0.9789092884992034
http://dbpedia.org/resource/Benoit_Mandelbrot,http://dbpedia.org/ontology/deathPlace,"http://dbpedia.org/resource/Cambridge,_Massachusetts",1,0.0,0.0,1.0,0.081741,4.9e-05,15924.0,0.058328,286.631809,0.9549107608205248
"http://dbpedia.org/resource/Francis_II,_Holy_Roman_Emperor",http://dbpedia.org/ontology/deathPlace,http://dbpedia.org/resource/Vienna,1,0.000513,0.936018,1.0,0.088178,0.000205,127743.0,0.084214,577.917543,0.9848192395012278
http://dbpedia.org/resource/Amerigo_Vespucci,http://dbpedia.org/ontology/birthPlace,http://dbpedia.org/resource/Florence,1,0.001671,0.348682,1.0,0.077512,0.00028,11890.0,0.066133,9983.620543,0.8716201747302601
http://dbpedia.org/resource/Bernardo_O'Higgins,http://dbpedia.org/ontology/deathPlace,http://dbpedia.org/resource/Lima,1,0.001187,0.937034,1.0,0.097944,0.000641,34986.0,0.115991,423.900918,0.9883269812306235
http://dbpedia.org/resource/Abbas_II_of_Egypt,http://dbpedia.org/ontology/deathPlace,http://dbpedia.org/resource/Geneva,1,0.0,0.0,1.0,0.066428,1e-05,9153.0,0.033972,27.565085,0.9412263783535342
http://dbpedia.org/resource/Catherine_of_Aragon,http://dbpedia.org/ontology/birthPlace,http://dbpedia.org/resource/Alcalá_de_Henares,1,0.0,0.0,0.0,0.056907,4.6e-05,355.0,0.021212,-15.927615,0.9787311387601032
http://dbpedia.org/resource/John_Stuart_Mill,http://dbpedia.org/ontology/deathPlace,http://dbpedia.org/resource/Avignon,1,0.003597,0.417032,1.0,0.115193,0.00013,16154.0,0.0878,5007.339765,0.994744103026245
http://dbpedia.org/resource/Douglas_Adams,http://dbpedia.org/ontology/birthPlace,http://dbpedia.org/resource/Cambridge,1,0.000833,0.144453,1.0,0.066796,9.4e-05,57550.0,0.046231,3972.383688,0.9845220689381121
http://dbpedia.org/resource/John_Peel,http://dbpedia.org/ontology/deathPlace,http://dbpedia.org/resource/Cusco,1,0.0,0.0,1.0,0.047316,0.000145,1313.0,0.019028,3248.942372,0.9572063562647041
http://dbpedia.org/resource/Joris_Ivens,http://dbpedia.org/ontology/deathPlace,http://dbpedia.org/resource/Paris,1,9.9e-05,0.108488,1.0,0.064844,0.000134,251825.0,0.070291,7181.379535,0.9881553735243117
http://dbpedia.org/resource/John_Peel,http://dbpedia.org/ontology/birthPlace,http://dbpedia.org/resource/Heswall,1,0.0,0.0,1.0,0.062058,0.000224,260.0,0.028548,1041.634436,0.944507682964944
http://dbpedia.org/resource/Alfonso_IV_of_Aragon,http://dbpedia.org/ontology/deathPlace,http://dbpedia.org/resource/Barcelona,1,0.0,0.0,1.0,0.073842,4.3e-05,27450.0,0.041687,215.889082,0.9549107608205248
http://dbpedia.org/resource/Ernst_Mayr,http://dbpedia.org/ontology/deathPlace,"http://dbpedia.org/resource/Bedford,_Massachusetts",1,0.0,0.0,1.0,0.05878,7.2e-05,931.0,0.027198,1836.033052,0.973085995073107
http://dbpedia.org/resource/Cornelius_Johnson_(artist),http://dbpedia.org/ontology/birthPlace,http://dbpedia.org/resource/London,1,4.4e-05,0.096663,1.0,0.055644,7.1e-05,114055.0,0.038074,2628.549421,0.9522504655039951
http://dbpedia.org/resource/Fay_Wray,http://dbpedia.org/ontology/birthPlace,http://dbpedia.org/resource/Alberta,1,0.0,0.0,0.0,0.055191,1e-05,328689.0,0.029597,-6.083438,0.973199395948741
http://dbpedia.org/resource/Austen_Henry_Layard,http://dbpedia.org/ontology/birthPlace,http://dbpedia.org/resource/Paris,1,9.9e-05,0.213578,1.0,0.067115,4.9e-05,151095.0,0.045956,1172.874349,0.983256608938173
http://dbpedia.org/resource/Frédéric_Bastiat,http://dbpedia.org/ontology/birthPlace,http://dbpedia.org/resource/Bayonne,1,0.005952,0.090548,1.0,0.058635,0.000361,2850.0,0.035429,4868.40778,0.9568382133304646
http://dbpedia.org/resource/André_Weil,http://dbpedia.org/ontology/birthPlace,http://dbpedia.org/resource/Paris,1,0.000396,0.724973,1.0,0.073082,0.000335,201460.0,0.057683,21636.490938,0.8716201747302601
http://dbpedia.org/resource/Joseph_Conrad,http://dbpedia.org/ontology/birthPlace,http://dbpedia.org/resource/Berdychiv,1,0.0,0.0,1.0,0.068194,8.1e-05,1530.0,0.033604,5309.848388,0.9845220689381121
http://dbpedia.org/resource/George_Frideric_Handel,http://dbpedia.org/ontology/birthPlace,http://dbpedia.org/resource/Halle_(Saale),1,0.011765,1.530224,1.0,0.131939,0.000935,4320.0,0.154003,4387.059045,0.9901584923502202
http://dbpedia.org/resource/Ivan_Bunin,http://dbpedia.org/ontology/birthPlace,http://dbpedia.org/resource/Voronezh,1,0.0,0.0,1.0,0.063469,0.000646,4360.0,0.040791,5141.861749,0.9735348045973461
http://dbpedia.org/resource/Jean-Jacques_Rousseau,http://dbpedia.org/ontology/birthPlace,http://dbpedia.org/resource/Geneva,1,0.000871,0.144412,1.0,0.075742,5.6e-05,134244.0,0.0883,6806.472157,0.9817114064515056
http://dbpedia.org/resource/Carlo_Goldoni,http://dbpedia.org/ontology/birthPlace,http://dbpedia.org/resource/Venice,1,0.003601,1.229857,1.0,0.113503,0.001617,11508.0,0.106536,8051.248613,0.9109280391077279
http://dbpedia.org/resource/Joe_Strummer,http://dbpedia.org/ontology/birthPlace,http://dbpedia.org/resource/Ankara,1,0.0,0.0,1.0,0.054325,2.1e-05,73097.0,0.031353,3700.90718,0.9597821306516153
http://dbpedia.org/resource/Carlo_Goldoni,http://dbpedia.org/ontology/deathPlace,http://dbpedia.org/resource/Paris,1,9.9e-05,0.108488,1.0,0.06188,0.000104,141022.0,0.052571,3298.956521,0.973085995073107
http://dbpedia.org/resource/Ambrose,http://dbpedia.org/ontology/birthPlace,http://dbpedia.org/resource/Trier,1,0.0,0.0,1.0,0.079358,9.8e-05,3429.0,0.040201,4332.14243,0.9817114064515056
http://dbpedia.org/resource/Alfonso_IV_of_Aragon,http://dbpedia.org/ontology/birthPlace,http://dbpedia.org/resource/Naples,1,0.0,0.0,0.0,0.065329,0.000247,16030.0,0.040691,-10.431265,0.983774991584476
http://dbpedia.org/resource/André_Weil,http://dbpedia.org/ontology/deathPlace,"http://dbpedia.org/resource/Princeton,_New_Jersey",1,0.0,0.0,1.0,0.071583,7.5e-05,10520.0,0.053076,5512.955874,0.988706461248586
http://dbpedia.org/resource/Emma_Goldman,http://dbpedia.org/ontology/deathPlace,http://dbpedia.org/resource/Kaunas,0,0.00431,0.396404,0.0,0.141474,0.000192,14688.0,0.177504,5237.361897,0.9884405070467319
http://dbpedia.org/resource/John_A._Roebling,http://dbpedia.org/ontology/deathPlace,http://dbpedia.org/resource/Mühlhausen,0,0.0,0.0,0.0,0.220928,0.000139,306.0,0.239683,1331.087317,0.9884405070467319
http://dbpedia.org/resource/James_Clavell,http://dbpedia.org/ontology/deathPlace,http://dbpedia.org/resource/Sydney,0,0.0,0.0,1.0,0.056547,1.1e-05,126960.0,0.045928,8.418581,0.798917580923757
http://dbpedia.org/resource/Ambrose,http://dbpedia.org/ontology/birthPlace,http://dbpedia.org/resource/Milan,0,0.000354,0.125975,0.0,0.111881,0.001608,75654.0,0.18937,4610.017273,0.9959999449665804
http://dbpedia.org/resource/Frank_Capra,http://dbpedia.org/ontology/deathPlace,http://dbpedia.org/resource/Bisacquino,0,0.0,0.0,1.0,0.062421,1.5e-05,396.0,0.033502,-15.769936,0.8326871708152326
http://dbpedia.org/resource/Alexander_Kerensky,http://dbpedia.org/ontology/deathPlace,http://dbpedia.org/resource/Ulyanovsk,0,0.008264,0.352956,0.0,0.182195,0.00026,2937.0,0.251584,4058.587262,0.9884405070467319
http://dbpedia.org/resource/Arthur_de_Gobineau,http://dbpedia.org/ontology/deathPlace,http://dbpedia.org/resource/Ville-d'Avray,0,0.0,0.0,0.0,0.250267,0.000985,260.0,0.275296,880.87786,0.9882939227636324
http://dbpedia.org/resource/Eugene_Wigner,http://dbpedia.org/ontology/deathPlace,http://dbpedia.org/resource/Budapest,0,0.001206,1.061232,0.0,0.107218,0.000556,70261.0,0.168194,4107.356831,0.9874884860862121
http://dbpedia.org/resource/George_Frideric_Handel,http://dbpedia.org/ontology/deathPlace,http://dbpedia.org/resource/Halle_(Saale),0,0.011765,1.530224,0.0,0.154306,0.001299,4320.0,0.255925,4387.059045,0.9882155706233519
http://dbpedia.org/resource/Douglas_Adams,http://dbpedia.org/ontology/birthPlace,"http://dbpedia.org/resource/Santa_Barbara,_California",0,0.0,0.0,0.0,0.075996,2.8e-05,37250.0,0.052067,453.318062,0.9785286498907707
http://dbpedia.org/resource/Catherine_of_Aragon,http://dbpedia.org/ontology/birthPlace,http://dbpedia.org/resource/Huntingdonshire,0,0.0,0.0,0.0,0.062229,6.3e-05,885.0,0.034712,-14.609771,0.9789092884992034
http://dbpedia.org/resource/Alfonso_IV_of_Aragon,http://dbpedia.org/ontology/birthPlace,http://dbpedia.org/resource/Barcelona,0,0.0,0.0,0.0,0.073842,5.9e-05,27450.0,0.038938,215.889082,0.9795583816684938
http://dbpedia.org/resource/Douglas_Adams,http://dbpedia.org/ontology/deathPlace,http://dbpedia.org/resource/Cambridge,0,0.000833,0.144453,0.0,0.124249,6.3e-05,57550.0,0.147369,3972.383688,0.9850312865213251
http://dbpedia.org/resource/Joseph_Conrad,http://dbpedia.org/ontology/birthPlace,http://dbpedia.org/resource/Bishopsbourne,0,0.025,0.123816,0.0,0.339454,0.001107,238.0,0.336809,4530.157762,0.9958314363678892
http://dbpedia.org/resource/Alfonso_IV_of_Aragon,http://dbpedia.org/ontology/deathPlace,http://dbpedia.org/resource/Naples,0,0.0,0.0,1.0,0.065329,0.000211,16030.0,0.037345,-10.431265,0.8840577949807042
http://dbpedia.org/resource/Arthur_de_Gobineau,http://dbpedia.org/ontology/birthPlace,http://dbpedia.org/resource/Turin,0,0.001561,0.266214,0.0,0.122748,0.000157,16510.0,0.139635,4256.723654,0.9942247483271782
"http://dbpedia.org/resource/Albert_VII,_Archduke_of_Austria",http://dbpedia.org/ontology/deathPlace,http://dbpedia.org/resource/Wiener_Neustadt,0,0.0,0.0,1.0,0.06119,3.4e-05,930.0,0.044525,-14.538223,0.7970478397744426
http://dbpedia.org/resource/Joseph_Conrad,http://dbpedia.org/ontology/deathPlace,http://dbpedia.org/resource/Berdychiv,0,0.0,0.0,0.0,0.208045,7e-05,1530.0,0.215909,5309.848388,0.9884405070467319
http://dbpedia.org/resource/Catherine_of_Aragon,http://dbpedia.org/ontology/deathPlace,http://dbpedia.org/resource/Alcalá_de_Henares,0,0.0,0.0,1.0,0.056907,4.2e-05,355.0,0.022629,-15.927615,0.7956542062171703
http://dbpedia.org/resource/Joris_Ivens,http://dbpedia.org/ontology/deathPlace,http://dbpedia.org/resource/Nijmegen,0,0.003906,0.105761,0.0,0.155117,0.000186,5800.0,0.165816,48075.214562,0.9748019014451667
http://dbpedia.org/resource/Gregory_Bateson,http://dbpedia.org/ontology/deathPlace,http://dbpedia.org/resource/Grantchester,0,0.0,0.0,0.0,0.280509,0.000198,650.0,0.282076,2914.342512,0.9884405070467319
http://dbpedia.org/resource/James_Wilkinson,http://dbpedia.org/ontology/birthPlace,http://dbpedia.org/resource/Mexico_City,0,0.000673,0.700454,0.0,0.106414,0.000117,124180.0,0.231094,3684.491273,0.9960768862668586
http://dbpedia.org/resource/Ivan_Bunin,http://dbpedia.org/ontology/deathPlace,http://dbpedia.org/resource/Voronezh,0,0.0,0.0,0.0,0.156629,0.000674,4360.0,0.17247,5141.861749,0.9882155706233519
http://dbpedia.org/resource/J._R._R._Tolkien,http://dbpedia.org/ontology/deathPlace,http://dbpedia.org/resource/Bloemfontein,0,0.002342,0.222232,0.0,0.14985,5.4e-05,39867.0,0.174248,8441.21223,0.9748019014451667
http://dbpedia.org/resource/Gregory_Bateson,http://dbpedia.org/ontology/birthPlace,http://dbpedia.org/resource/San_Francisco,0,0.000185,0.217147,0.0,0.073474,9.2e-05,267500.0,0.072029,449.433678,0.9785286498907707
http://dbpedia.org/resource/Jean-Jacques_Rousseau,http://dbpedia.org/ontology/birthPlace,http://dbpedia.org/resource/Ermenonville,0,0.0,0.0,0.0,0.476505,0.000703,396.0,0.447949,7177.457578,0.9904805945504699
http://dbpedia.org/resource/Alfred_Hitchcock,http://dbpedia.org/ontology/birthPlace,"http://dbpedia.org/resource/Bel_Air,_Los_Angeles",0,0.015748,0.378093,0.0,0.215629,0.000162,3458.0,0.253382,7095.931011,0.9906627056141419
http://dbpedia.org/resource/F._F._E._Yeo-Thomas,http://dbpedia.org/ontology/deathPlace,http://dbpedia.org/resource/London,0,0.0,0.0,1.0,0.056491,3.6e-05,182488.0,0.041803,779.453742,0.8915127396786192
http://dbpedia.org/resource/Ernst_Mayr,http://dbpedia.org/ontology/deathPlace,http://dbpedia.org/resource/Kempten,0,0.0,0.0,0.0,0.210031,9.7e-05,817.0,0.212503,1568.478536,0.9884405070467319
http://dbpedia.org/resource/Frank_Capra,http://dbpedia.org/ontology/birthPlace,"http://dbpedia.org/resource/La_Quinta,_California",0,0.0,0.0,0.0,0.065209,8.2e-05,1716.0,0.043974,26.398006,0.9852155869679109
http://dbpedia.org/resource/Ivan_Bunin,http://dbpedia.org/ontology/birthPlace,http://dbpedia.org/resource/Paris,0,0.000198,0.199036,0.0,0.09787,0.000397,201460.0,0.127152,3322.896622,0.997452726693227
http://dbpedia.org/resource/Carlo_Goldoni,http://dbpedia.org/ontology/deathPlace,http://dbpedia.org/resource/Venice,0,0.003601,1.229857,0.0,0.129672,0.001458,11508.0,0.207211,8051.248613,0.9719879734268204
http://dbpedia.org/resource/Anton_Chekhov,http://dbpedia.org/ontology/birthPlace,http://dbpedia.org/resource/Badenweiler,0,0.0,0.0,0.0,0.302793,0.000143,1340.0,0.311087,3316.483914,0.9959116056364231
http://dbpedia.org/resource/Austen_Henry_Layard,http://dbpedia.org/ontology/deathPlace,http://dbpedia.org/resource/Paris,0,9.9e-05,0.213578,0.0,0.067115,6.1e-05,151095.0,0.046361,1172.874349,0.979540833581672
http://dbpedia.org/resource/John_A._Macdonald,http://dbpedia.org/ontology/birthPlace,http://dbpedia.org/resource/Ottawa,0,0.001453,0.841355,0.0,0.112394,0.000433,180230.0,0.200699,4381.721602,0.9959999449665804
http://dbpedia.org/resource/Joe_Strummer,http://dbpedia.org/ontology/deathPlace,http://dbpedia.org/resource/Ankara,0,0.0,0.0,0.0,0.125081,2.6e-05,73097.0,0.142522,3700.90718,0.9850312865213251
"http://dbpedia.org/resource/Albert_VII,_Archduke_of_Austria",http://dbpedia.org/ontology/birthPlace,http://dbpedia.org/resource/Brussels,0,0.0,0.0,0.0,0.088676,0.000135,29055.0,0.068605,34.054267,0.9935836336957153
http://dbpedia.org/resource/Anton_Chekhov,http://dbpedia.org/ontology/deathPlace,http://dbpedia.org/resource/Taganrog,0,0.009494,1.590353,0.0,0.160763,0.000977,24790.0,0.312946,4067.554178,0.9882155706233519
http://dbpedia.org/resource/Benoit_Mandelbrot,http://dbpedia.org/ontology/deathPlace,http://dbpedia.org/resource/Warsaw,0,0.0,0.0,1.0,0.076464,4.4e-05,37044.0,0.04571,245.737563,0.9549107608205248
http://dbpedia.org/resource/George_Frideric_Handel,http://dbpedia.org/ontology/birthPlace,http://dbpedia.org/resource/London,0,8.8e-05,0.196315,0.0,0.090621,0.000138,410598.0,0.132589,2451.406212,0.9750425329133623
http://dbpedia.org/resource/Adelaide_of_Italy,http://dbpedia.org/ontology/deathPlace,http://dbpedia.org/resource/Orbe,0,0.0,0.0,0.0,0.244436,0.00055,330.0,0.235254,872.429811,0.9882939227636324
http://dbpedia.org/resource/James_Wilkinson,http://dbpedia.org/ontology/deathPlace,"http://dbpedia.org/resource/Benedict,_Maryland",0,0.032258,0.220624,1.0,0.144532,0.001676,112.0,0.056688,65.662996,0.9760414253085886
http://dbpedia.org/resource/Aaliyah,http://dbpedia.org/ontology/deathPlace,http://dbpedia.org/resource/Brooklyn,0,0.00032,0.36669,0.0,0.074237,0.000128,341165.0,0.057909,2194.942356,0.9758478108627244
http://dbpedia.org/resource/Hawley_Harvey_Crippen,http://dbpedia.org/ontology/birthPlace,http://dbpedia.org/resource/London,0,8.8e-05,0.196315,0.0,0.090621,0.000397,136866.0,0.135466,2658.249021,0.9745635941382677
http://dbpedia.org/resource/Abbas_II_of_Egypt,http://dbpedia.org/ontology/birthPlace,http://dbpedia.org/resource/Geneva,0,0.0,0.0,0.0,0.066428,9e-06,9153.0,0.031814,27.565085,0.98459501288483
http://dbpedia.org/resource/Joris_Ivens,http://dbpedia.org/ontology/birthPlace,http://dbpedia.org/resource/Paris,0,9.9e-05,0.108488,0.0,0.09787,0.000132,251825.0,0.1422,7181.379535,0.993470789847254
http://dbpedia.org/resource/John_A._Roebling,http://dbpedia.org/ontology/birthPlace,http://dbpedia.org/resource/New_York_City,0,8.3e-05,0.459818,0.0,0.090201,0.000402,216117.0,0.126311,2522.56036,0.9745635941382677
http://dbpedia.org/resource/John_Stuart_Mill,http://dbpedia.org/ontology/deathPlace,http://dbpedia.org/resource/London_Borough_of_Islington,0,0.006623,0.096663,1.0,0.06469,0.000132,5740.0,0.031423,257.403716,0.9355387043162287
http://dbpedia.org/resource/Jean-Jacques_Rousseau,http://dbpedia.org/ontology/deathPlace,http://dbpedia.org/resource/Geneva,0,0.000871,0.144412,0.0,0.126189,6.7e-05,134244.0,0.166039,6806.472157,0.9768638717713645
http://dbpedia.org/resource/Cornelius_Johnson_(artist),http://dbpedia.org/ontology/deathPlace,http://dbpedia.org/resource/London,0,4.4e-05,0.096663,0.0,0.055644,0.000118,114055.0,0.03342,2628.549421,0.9717318360380126
"http://dbpedia.org/resource/Francis_II,_Holy_Roman_Emperor",http://dbpedia.org/ontology/birthPlace,http://dbpedia.org/resource/Vienna,0,0.000513,0.936018,0.0,0.088178,0.000136,127743.0,0.076222,577.917543,0.9924150773660086
http://dbpedia.org/resource/Fay_Wray,http://dbpedia.org/ontology/deathPlace,http://dbpedia.org/resource/Alberta,0,0.0,0.0,1.0,0.055191,1.1e-05,328689.0,0.034875,-6.083438,0.7544526515663135
http://dbpedia.org/resource/Eduard_von_Böhm-Ermolli,http://dbpedia.org/ontology/birthPlace,http://dbpedia.org/resource/Opava,0,0.0,0.0,0.0,0.060184,4.4e-05,1023.0,0.034124,-14.400721,0.9789092884992034
http://dbpedia.org/resource/Abd_al-Rahman_I,http://dbpedia.org/ontology/birthPlace,"http://dbpedia.org/resource/Córdoba,_Spain",0,0.0,0.0,0.0,0.072711,6.3e-05,1680.0,0.042981,-13.685083,0.980030433896028
http://dbpedia.org/resource/Fay_Wray,http://dbpedia.org/ontology/birthPlace,http://dbpedia.org/resource/New_York_City,0,4.2e-05,0.276938,0.0,0.06804,4.7e-05,1416767.0,0.080171,1091.203013,0.9931700626840865
http://dbpedia.org/resource/John_von_Neumann,http://dbpedia.org/ontology/birthPlace,"http://dbpedia.org/resource/Washington,_D.C.",0,0.000242,0.195641,0.0,0.099963,4.6e-05,1203684.0,0.150672,1738.451826,0.9869578967773175
http://dbpedia.org/resource/Amerigo_Vespucci,http://dbpedia.org/ontology/birthPlace,http://dbpedia.org/resource/Seville,0,0.0,0.0,0.0,0.132994,0.000147,6780.0,0.161779,4936.979039,0.9957847964803697
http://dbpedia.org/resource/Henry_Moseley,http://dbpedia.org/ontology/birthPlace,http://dbpedia.org/resource/Gelibolu,0,0.0,0.0,0.0,0.075922,7.6e-05,360.0,0.035067,151.553694,0.9795583816684938
http://dbpedia.org/resource/F._F._E._Yeo-Thomas,http://dbpedia.org/ontology/birthPlace,http://dbpedia.org/resource/Paris,0,0.0,0.0,0.0,0.059226,5.2e-05,80584.0,0.03561,3289.969428,0.9921079168390374
http://dbpedia.org/resource/Henry_Moseley,http://dbpedia.org/ontology/deathPlace,"http://dbpedia.org/resource/Weymouth,_Dorset",0,0.008264,0.141226,0.0,0.176279,0.000213,1605.0,0.200856,4694.308851,0.9884405070467319
http://dbpedia.org/resource/Abd_al-Rahman_I,http://dbpedia.org/ontology/deathPlace,http://dbpedia.org/resource/Damascus,0,0.0,0.0,1.0,0.070612,3.4e-05,5355.0,0.053687,-12.01276,0.9048474909911142
http://dbpedia.org/resource/C._S._Forester,http://dbpedia.org/ontology/deathPlace,http://dbpedia.org/resource/Cairo,0,0.001075,0.348404,0.0,0.117458,0.000197,54990.0,0.143875,4181.19376,0.9820042120795536
http://dbpedia.org/resource/Hawley_Harvey_Crippen,http://dbpedia.org/ontology/deathPlace,"http://dbpedia.org/resource/Coldwater,_Michigan",0,0.0,0.0,0.0,0.192691,0.000137,396.0,0.187611,2570.689749,0.9884405070467319
http://dbpedia.org/resource/John_Peel,http://dbpedia.org/ontology/birthPlace,http://dbpedia.org/resource/Cusco,0,0.0,0.0,0.0,0.178091,0.000131,1313.0,0.176005,3248.942372,0.9959116056364231
"http://dbpedia.org/resource/Christina,_Queen_of_Sweden",http://dbpedia.org/ontology/birthPlace,http://dbpedia.org/resource/Rome,0,0.0,0.0,0.0,0.051436,1.9e-05,37818.0,0.036437,-9.193523,0.9760454526451723
http://dbpedia.org/resource/John_Peel,http://dbpedia.org/ontology/deathPlace,http://dbpedia.org/resource/Heswall,0,0.0,0.0,0.0,0.250267,0.000229,260.0,0.243921,1041.634436,0.9884405070467319
http://dbpedia.org/resource/André_Weil,http://dbpedia.org/ontology/birthPlace,"http://dbpedia.org/resource/Princeton,_New_Jersey",0,0.0,0.0,0.0,0.137641,8.3e-05,10520.0,0.162808,5512.955874,0.9957847964803697
http://dbpedia.org/resource/John_von_Neumann,http://dbpedia.org/ontology/deathPlace,http://dbpedia.org/resource/Budapest,0,0.001872,1.890915,0.0,0.107218,0.000134,611684.0,0.188082,4162.407144,0.9877271284475927
http://dbpedia.org/resource/Eugene_Wigner,http://dbpedia.org/ontology/birthPlace,"http://dbpedia.org/resource/Princeton,_New_Jersey",0,0.0,0.0,0.0,0.137641,0.000143,8942.0,0.18221,4175.967395,0.9957847964803697
http://dbpedia.org/resource/Emma_Goldman,http://dbpedia.org/ontology/birthPlace,http://dbpedia.org/resource/Toronto,0,0.000113,0.110131,0.0,0.099205,5.9e-05,298486.0,0.116027,7992.352738,0.806532807254094
http://dbpedia.org/resource/Augustus_II_the_Strong,http://dbpedia.org/ontology/deathPlace,http://dbpedia.org/resource/Dresden,0,0.0,0.0,1.0,0.093266,7.9e-05,15290.0,0.096133,294.820211,0.861588016074278
http://dbpedia.org/resource/Frédéric_Bastiat,http://dbpedia.org/ontology/birthPlace,http://dbpedia.org/resource/Rome,0,0.000316,0.261189,0.0,0.102577,0.000111,119757.0,0.127503,9741.325251,0.806532807254094
"http://dbpedia.org/resource/Francis_II,_Holy_Roman_Emperor",http://dbpedia.org/ontology/deathPlace,http://dbpedia.org/resource/Florence,0,0.0,0.0,1.0,0.074633,3.6e-05,39237.0,0.051986,75.799053,0.9231176482808406
http://dbpedia.org/resource/Eduard_von_Böhm-Ermolli,http://dbpedia.org/ontology/deathPlace,http://dbpedia.org/resource/Ancona,0,0.0,0.0,1.0,0.060211,2.8e-05,1573.0,0.029753,31.811331,0.8480551725211167
http://dbpedia.org/resource/Austen_Henry_Layard,http://dbpedia.org/ontology/birthPlace,http://dbpedia.org/resource/London,0,0.000131,0.712288,0.0,0.074976,0.000378,342165.0,0.075522,4371.901115,0.9923868804059262
http://dbpedia.org/resource/Joe_Strummer,http://dbpedia.org/ontology/birthPlace,"http://dbpedia.org/resource/Broomfield,_Somerset",0,0.0,0.0,0.0,0.286952,0.000204,804.0,0.276488,11619.950091,0.9389602308730303
"http://dbpedia.org/resource/Christina,_Queen_of_Sweden",http://dbpedia.org/ontology/deathPlace,http://dbpedia.org/resource/Stockholm,0,0.0,0.0,1.0,0.065548,0.000961,25890.0,0.040881,32.004599,0.9066155787453785
http://dbpedia.org/resource/Irenaeus,http://dbpedia.org/ontology/birthPlace,http://dbpedia.org/resource/Lyon,0,0.001873,0.648658,0.0,0.102502,0.000957,12696.0,0.09112,4319.640951,0.985182593841867
http://dbpedia.org/resource/Cornelius_Johnson_(artist),http://dbpedia.org/ontology/birthPlace,http://dbpedia.org/resource/Utrecht,0,0.001623,0.105761,0.0,0.13483,0.000337,3060.0,0.154668,4202.850869,0.9957021513437467
http://dbpedia.org/resource/Alfred_Hitchcock,http://dbpedia.org/ontology/deathPlace,http://dbpedia.org/resource/London,0,0.000131,1.347941,0.0,0.077036,0.000118,2075801.0,0.098321,3006.419576,0.9758478108627244
http://dbpedia.org/resource/Adelaide_of_Italy,http://dbpedia.org/ontology/birthPlace,http://dbpedia.org/resource/Alsace,0,0.0,0.0,0.0,0.162668,0.000201,2580.0,0.201923,4652.011751,0.9959116056364231
http://dbpedia.org/resource/Frédéric_Bastiat,http://dbpedia.org/ontology/deathPlace,http://dbpedia.org/resource/Bayonne,0,0.005952,0.090548,0.0,0.166372,0.000398,2850.0,0.181799,4868.40778,0.9882155706233519
http://dbpedia.org/resource/John_Stuart_Mill,http://dbpedia.org/ontology/birthPlace,http://dbpedia.org/resource/Avignon,0,0.003597,0.417032,0.0,0.159154,0.000228,16154.0,0.220527,5007.339765,0.9959116056364231
http://dbpedia.org/resource/Carlo_Goldoni,http://dbpedia.org/ontology/birthPlace,http://dbpedia.org/resource/Paris,0,9.9e-05,0.108488,0.0,0.09787,9.7e-05,141022.0,0.126575,3298.956521,0.9971456914931348
http://dbpedia.org/resource/Benoit_Mandelbrot,http://dbpedia.org/ontology/birthPlace,"http://dbpedia.org/resource/Cambridge,_Massachusetts",0,0.0,0.0,0.0,0.081741,5.9e-05,15924.0,0.05269,286.631809,0.9795583816684938
http://dbpedia.org/resource/Aaliyah,http://dbpedia.org/ontology/birthPlace,http://dbpedia.org/resource/Marsh_Harbour,0,0.032258,0.5092,0.0,0.312771,0.001291,495.0,0.36699,7915.943901,0.9378330134128896
http://dbpedia.org/resource/Henry_I_of_England,http://dbpedia.org/ontology/birthPlace,http://dbpedia.org/resource/Lyons-la-Forêt,0,0.0,0.0,0.0,0.08401,0.000755,66.0,0.036512,-18.354889,0.9973434149094453
http://dbpedia.org/resource/James_Clavell,http://dbpedia.org/ontology/birthPlace,http://dbpedia.org/resource/Vevey,0,0.0,0.0,0.0,0.187591,0.000134,1748.0,0.209789,8409.247979,0.9389602308730303
http://dbpedia.org/resource/Irenaeus,http://dbpedia.org/ontology/deathPlace,http://dbpedia.org/resource/İzmir,0,0.001799,0.100354,1.0,0.077524,0.000165,6540.0,0.052463,3550.124245,0.988706461248586
http://dbpedia.org/resource/Ernst_Mayr,http://dbpedia.org/ontology/birthPlace,"http://dbpedia.org/resource/Bedford,_Massachusetts",0,0.0,0.0,0.0,0.204423,0.000101,931.0,0.208455,1836.033052,0.9959116056364231
http://dbpedia.org/resource/J._R._R._Tolkien,http://dbpedia.org/ontology/birthPlace,http://dbpedia.org/resource/Bournemouth,0,0.005199,0.849342,0.0,0.140973,7.6e-05,60691.0,0.222119,7205.996637,0.9906627056141419
http://dbpedia.org/resource/Henry_I_of_England,http://dbpedia.org/ontology/deathPlace,http://dbpedia.org/resource/Selby,0,0.0,0.0,1.0,0.060528,0.000134,1298.0,0.027368,14.894967,0.8354814210872252
http://dbpedia.org/resource/Bernardo_O'Higgins,http://dbpedia.org/ontology/deathPlace,http://dbpedia.org/resource/Chillán,0,0.015873,0.558111,1.0,0.152603,0.00139,903.0,0.129044,252.852652,0.986274410459611
"http://dbpedia.org/resource/Diana,_Princess_of_Wales",http://dbpedia.org/ontology/birthPlace,http://dbpedia.org/resource/Paris,0,9.9e-05,0.352956,0.0,0.076623,8.7e-05,221606.0,0.046397,27.665736,0.9817973515042181
http://dbpedia.org/resource/Amerigo_Vespucci,http://dbpedia.org/ontology/deathPlace,http://dbpedia.org/resource/Florence,0,0.001671,0.348682,0.0,0.123749,0.000287,11890.0,0.163978,9983.620543,0.9670403432625753
http://dbpedia.org/resource/C._S._Forester,http://dbpedia.org/ontology/birthPlace,"http://dbpedia.org/resource/Fullerton,_California",0,0.0,0.0,0.0,0.159676,9.7e-05,5790.0,0.166653,4267.627345,0.9959116056364231
http://dbpedia.org/resource/Bernardo_O'Higgins,http://dbpedia.org/ontology/birthPlace,http://dbpedia.org/resource/Lima,0,0.001187,0.937034,0.0,0.097944,0.000624,34986.0,0.106161,423.900918,0.9926067864884061
http://dbpedia.org/resource/John_A._Macdonald,http://dbpedia.org/ontology/deathPlace,http://dbpedia.org/resource/Glasgow,0,0.000433,0.227296,0.0,0.106115,6.4e-05,305118.0,0.13761,3846.392276,0.9877271284475927
http://dbpedia.org/resource/Augustus_II_the_Strong,http://dbpedia.org/ontology/birthPlace,http://dbpedia.org/resource/Warsaw,0,0.0,0.0,0.0,0.072804,0.000178,67914.0,0.076135,252.210959,0.9795583816684938
http://dbpedia.org/resource/André_Weil,http://dbpedia.org/ontology/deathPlace,http://dbpedia.org/resource/Paris,0,0.000396,0.724973,0.0,0.09787,0.000268,201460.0,0.133767,21636.490938,0.9855179222119691
http://dbpedia.org/resource/Abbas_II_of_Egypt,http://dbpedia.org/ontology/deathPlace,http://dbpedia.org/resource/Alexandria,0,0.0,0.0,1.0,0.078208,0.000167,5688.0,0.049049,421.423598,0.9576202555023582
http://dbpedia.org/resource/Alexander_Kerensky,http://dbpedia.org/ontology/birthPlace,http://dbpedia.org/resource/New_York_City,0,8.3e-05,0.199565,0.0,0.090201,4.6e-05,792429.0,0.134222,2419.615756,0.9750425329133623
"http://dbpedia.org/resource/Diana,_Princess_of_Wales",http://dbpedia.org/ontology/deathPlace,"http://dbpedia.org/resource/Sandringham,_Norfolk",0,0.0,0.0,1.0,0.14522,0.000894,110.0,0.064295,451.639573,0.987124618215414
