subject,predicate,object,truth,adamic_adar,kl,jaccard,katz,degree_product,simrank,pra,ensemble_score
http://dbpedia.org/resource/Gregory_Bateson,http://dbpedia.org/ontology/birthPlace,http://dbpedia.org/resource/Grantchester,1,0.0,0.073111,0.0,0.011125,650.0,0.000169,1.0,0.043653318760309756
http://dbpedia.org/resource/C._S._Forester,http://dbpedia.org/ontology/birthPlace,http://dbpedia.org/resource/Cairo,1,0.348404,0.075999,0.001075,0.317625,54990.0,0.000114,1.0,0.045788304770641886
http://dbpedia.org/resource/Emma_Goldman,http://dbpedia.org/ontology/deathPlace,http://dbpedia.org/resource/Toronto,1,0.110131,0.059937,0.000113,1.332375,298486.0,3.6e-05,1.0,0.026807636432540694
http://dbpedia.org/resource/Abd_al-Rahman_I,http://dbpedia.org/ontology/birthPlace,http://dbpedia.org/resource/Damascus,1,0.0,0.070612,0.0,0.0,5355.0,3.1e-05,0.0,0.7042870428089298
http://dbpedia.org/resource/Augustus_II_the_Strong,http://dbpedia.org/ontology/deathPlace,http://dbpedia.org/resource/Warsaw,1,0.0,0.072804,0.0,0.0015,67914.0,0.00017,1.0,0.780632136370201
http://dbpedia.org/resource/Augustus_II_the_Strong,http://dbpedia.org/ontology/birthPlace,http://dbpedia.org/resource/Dresden,1,0.0,0.093266,0.0,0.000875,15290.0,8.5e-05,0.0,0.7860672040810472
http://dbpedia.org/resource/Hawley_Harvey_Crippen,http://dbpedia.org/ontology/deathPlace,http://dbpedia.org/resource/London,1,0.196315,0.06543,8.8e-05,4.3265,136866.0,0.000377,1.0,0.08138253302104059
http://dbpedia.org/resource/J._R._R._Tolkien,http://dbpedia.org/ontology/deathPlace,http://dbpedia.org/resource/Bournemouth,1,0.849342,0.112545,0.005199,0.098875,60691.0,0.000139,1.0,0.1579399289001573
http://dbpedia.org/resource/Abbas_II_of_Egypt,http://dbpedia.org/ontology/birthPlace,http://dbpedia.org/resource/Alexandria,1,0.0,0.078208,0.0,0.002625,5688.0,0.000271,0.0,0.7301169564024002
http://dbpedia.org/resource/John_von_Neumann,http://dbpedia.org/ontology/birthPlace,http://dbpedia.org/resource/Budapest,1,1.890915,0.086776,0.001872,0.93,611684.0,0.000119,1.0,0.11377564879369673
http://dbpedia.org/resource/Joris_Ivens,http://dbpedia.org/ontology/birthPlace,http://dbpedia.org/resource/Nijmegen,1,0.105761,0.063347,0.003906,0.0755,5800.0,0.000184,1.0,0.043653318760309756
http://dbpedia.org/resource/Benoit_Mandelbrot,http://dbpedia.org/ontology/birthPlace,http://dbpedia.org/resource/Warsaw,1,0.0,0.076464,0.0,0.000875,37044.0,7e-05,0.0,0.7860672040810472
http://dbpedia.org/resource/J._R._R._Tolkien,http://dbpedia.org/ontology/birthPlace,http://dbpedia.org/resource/Bloemfontein,1,0.222232,0.0895,0.002342,0.073375,39867.0,4.6e-05,1.0,0.03181895752019126
http://dbpedia.org/resource/Anton_Chekhov,http://dbpedia.org/ontology/birthPlace,http://dbpedia.org/resource/Taganrog,1,1.590353,0.127717,0.009494,0.05775,24790.0,0.001073,1.0,0.1565309692400464
http://dbpedia.org/resource/Aaliyah,http://dbpedia.org/ontology/deathPlace,http://dbpedia.org/resource/Marsh_Harbour,1,0.5092,0.165825,0.032258,0.019,495.0,0.001485,1.0,0.2957068456881884
http://dbpedia.org/resource/Ivan_Bunin,http://dbpedia.org/ontology/deathPlace,http://dbpedia.org/resource/Paris,1,0.199036,0.059535,0.000198,2.66625,201460.0,0.000502,1.0,0.1294335739812601
http://dbpedia.org/resource/Alexander_Kerensky,http://dbpedia.org/ontology/birthPlace,http://dbpedia.org/resource/Ulyanovsk,1,0.352956,0.120166,0.008264,0.025375,2937.0,0.000333,1.0,0.05739102795993045
http://dbpedia.org/resource/Ernst_Mayr,http://dbpedia.org/ontology/birthPlace,http://dbpedia.org/resource/Kempten,1,0.0,0.068387,0.0,0.008375,817.0,9.3e-05,1.0,0.04895350863688086
http://dbpedia.org/resource/Austen_Henry_Layard,http://dbpedia.org/ontology/deathPlace,http://dbpedia.org/resource/London,1,0.712288,0.074976,0.000131,0.06475,342165.0,0.000478,1.0,0.2957068456881884
http://dbpedia.org/resource/Douglas_Adams,http://dbpedia.org/ontology/deathPlace,"http://dbpedia.org/resource/Santa_Barbara,_California",1,0.0,0.075996,0.0,0.0035,37250.0,2.7e-05,1.0,0.5792088489514536
http://dbpedia.org/resource/James_Wilkinson,http://dbpedia.org/ontology/birthPlace,"http://dbpedia.org/resource/Benedict,_Maryland",1,0.220624,0.144532,0.032258,0.002875,112.0,0.00211,0.0,0.7258320334942316
http://dbpedia.org/resource/Arthur_de_Gobineau,http://dbpedia.org/ontology/birthPlace,http://dbpedia.org/resource/Ville-d'Avray,1,0.0,0.091071,0.0,0.004875,260.0,0.00106,1.0,0.2453862460377474
"http://dbpedia.org/resource/Francis_II,_Holy_Roman_Emperor",http://dbpedia.org/ontology/birthPlace,http://dbpedia.org/resource/Florence,1,0.0,0.074633,0.0,0.000375,39237.0,3.3e-05,0.0,0.7885066710333428
http://dbpedia.org/resource/John_A._Roebling,http://dbpedia.org/ontology/birthPlace,http://dbpedia.org/resource/Mühlhausen,1,0.0,0.095077,0.0,0.006,306.0,0.000108,1.0,0.14786124708441728
http://dbpedia.org/resource/Cornelius_Johnson_(artist),http://dbpedia.org/ontology/deathPlace,http://dbpedia.org/resource/Utrecht,1,0.105761,0.069671,0.001623,0.153,3060.0,0.000419,1.0,0.08138253302104059
http://dbpedia.org/resource/John_A._Macdonald,http://dbpedia.org/ontology/deathPlace,http://dbpedia.org/resource/Ottawa,1,0.841355,0.092224,0.001453,0.842,180230.0,0.000484,1.0,0.3062219829247379
http://dbpedia.org/resource/John_A._Roebling,http://dbpedia.org/ontology/deathPlace,http://dbpedia.org/resource/New_York_City,1,0.459818,0.072156,8.3e-05,3.539625,216117.0,0.0004,1.0,0.20823874980430468
http://dbpedia.org/resource/James_Wilkinson,http://dbpedia.org/ontology/deathPlace,http://dbpedia.org/resource/Mexico_City,1,0.700454,0.106414,0.000673,1.416125,124180.0,0.000105,1.0,0.16470179425192022
http://dbpedia.org/resource/Arthur_de_Gobineau,http://dbpedia.org/ontology/deathPlace,http://dbpedia.org/resource/Turin,1,0.266214,0.062247,0.001561,0.247875,16510.0,0.000151,1.0,0.062281419542105865
http://dbpedia.org/resource/Frédéric_Bastiat,http://dbpedia.org/ontology/deathPlace,http://dbpedia.org/resource/Rome,1,0.261189,0.062314,0.000316,1.2525,119757.0,0.000111,1.0,0.062281419542105865
http://dbpedia.org/resource/Adelaide_of_Italy,http://dbpedia.org/ontology/birthPlace,http://dbpedia.org/resource/Orbe,1,0.0,0.065264,0.0,0.004625,330.0,0.00059,1.0,0.1851443219191261
"http://dbpedia.org/resource/Albert_VII,_Archduke_of_Austria",http://dbpedia.org/ontology/birthPlace,http://dbpedia.org/resource/Wiener_Neustadt,1,0.0,0.06119,0.0,0.0,930.0,3.2e-05,0.0,0.7042870428089298
http://dbpedia.org/resource/Irenaeus,http://dbpedia.org/ontology/birthPlace,http://dbpedia.org/resource/İzmir,1,0.100354,0.077524,0.001799,0.05025,6540.0,0.000142,0.0,0.9917172690279148
http://dbpedia.org/resource/Henry_Moseley,http://dbpedia.org/ontology/birthPlace,"http://dbpedia.org/resource/Weymouth,_Dorset",1,0.141226,0.078409,0.008264,0.02925,1605.0,0.000293,1.0,0.05739102795993045
http://dbpedia.org/resource/Eduard_von_Böhm-Ermolli,http://dbpedia.org/ontology/birthPlace,http://dbpedia.org/resource/Ancona,1,0.0,0.060211,0.0,0.000375,1573.0,3.5e-05,0.0,0.7885066710333428
http://dbpedia.org/resource/Henry_I_of_England,http://dbpedia.org/ontology/deathPlace,http://dbpedia.org/resource/Lyons-la-Forêt,1,0.0,0.08401,0.0,0.0,66.0,0.000767,1.0,0.9231090173825651
http://dbpedia.org/resource/Irenaeus,http://dbpedia.org/ontology/deathPlace,http://dbpedia.org/resource/Lyon,1,0.648658,0.102502,0.001873,0.090875,12696.0,0.001252,1.0,0.2957068456881884
http://dbpedia.org/resource/F._F._E._Yeo-Thomas,http://dbpedia.org/ontology/deathPlace,http://dbpedia.org/resource/Paris,1,0.0,0.059226,0.0,0.02775,80584.0,7.9e-05,1.0,0.06650727671497003
http://dbpedia.org/resource/Eugene_Wigner,http://dbpedia.org/ontology/deathPlace,"http://dbpedia.org/resource/Princeton,_New_Jersey",1,0.0,0.083965,0.0,0.07525,8942.0,0.00019,1.0,0.05942529651545492
http://dbpedia.org/resource/Anton_Chekhov,http://dbpedia.org/ontology/deathPlace,http://dbpedia.org/resource/Badenweiler,1,0.0,0.099431,0.0,0.01875,1340.0,0.000127,1.0,0.05942529651545492
"http://dbpedia.org/resource/Diana,_Princess_of_Wales",http://dbpedia.org/ontology/deathPlace,http://dbpedia.org/resource/Paris,1,0.352956,0.076623,9.9e-05,0.002625,221606.0,0.000166,1.0,0.7034546803080868
http://dbpedia.org/resource/Abd_al-Rahman_I,http://dbpedia.org/ontology/deathPlace,"http://dbpedia.org/resource/Córdoba,_Spain",1,0.0,0.072711,0.0,0.0,1680.0,7.2e-05,1.0,0.8747351949181864
http://dbpedia.org/resource/Frank_Capra,http://dbpedia.org/ontology/birthPlace,http://dbpedia.org/resource/Bisacquino,1,0.0,0.062421,0.0,0.0,396.0,1.1e-05,0.0,0.6430163647140626
"http://dbpedia.org/resource/Albert_VII,_Archduke_of_Austria",http://dbpedia.org/ontology/deathPlace,http://dbpedia.org/resource/Brussels,1,0.0,0.088676,0.0,0.00025,29055.0,0.00017,1.0,0.6751103507329468
http://dbpedia.org/resource/Catherine_of_Aragon,http://dbpedia.org/ontology/deathPlace,http://dbpedia.org/resource/Huntingdonshire,1,0.0,0.062229,0.0,0.0,885.0,6.1e-05,1.0,0.8891272855646413
http://dbpedia.org/resource/C._S._Forester,http://dbpedia.org/ontology/deathPlace,"http://dbpedia.org/resource/Fullerton,_California",1,0.0,0.049798,0.0,0.028875,5790.0,4.8e-05,1.0,0.06445990575091842
http://dbpedia.org/resource/John_von_Neumann,http://dbpedia.org/ontology/deathPlace,"http://dbpedia.org/resource/Washington,_D.C.",1,0.195641,0.067314,0.000242,1.7905,1203684.0,5.5e-05,1.0,0.06754062850340692
"http://dbpedia.org/resource/Christina,_Queen_of_Sweden",http://dbpedia.org/ontology/deathPlace,http://dbpedia.org/resource/Rome,1,0.0,0.051436,0.0,0.0,37818.0,2.3e-05,1.0,0.852205992795898
http://dbpedia.org/resource/James_Clavell,http://dbpedia.org/ontology/birthPlace,http://dbpedia.org/resource/Sydney,1,0.0,0.056547,0.0,0.000125,126960.0,1.2e-05,0.0,0.7381994099292224
http://dbpedia.org/resource/Henry_Moseley,http://dbpedia.org/ontology/deathPlace,http://dbpedia.org/resource/Gelibolu,1,0.0,0.075922,0.0,0.000875,360.0,5.9e-05,1.0,0.7976618028900515
http://dbpedia.org/resource/George_Frideric_Handel,http://dbpedia.org/ontology/deathPlace,http://dbpedia.org/resource/London,1,0.196315,0.063235,8.8e-05,4.32875,410598.0,0.000176,1.0,0.062281419542105865
http://dbpedia.org/resource/Gregory_Bateson,http://dbpedia.org/ontology/deathPlace,http://dbpedia.org/resource/San_Francisco,1,0.217147,0.073474,0.000185,0.005375,267500.0,9.7e-05,1.0,0.586149918337878
http://dbpedia.org/resource/Fay_Wray,http://dbpedia.org/ontology/deathPlace,http://dbpedia.org/resource/New_York_City,1,0.276938,0.06804,4.2e-05,0.009875,1416767.0,4.8e-05,1.0,0.06445990575091842
http://dbpedia.org/resource/Alfred_Hitchcock,http://dbpedia.org/ontology/deathPlace,"http://dbpedia.org/resource/Bel_Air,_Los_Angeles",1,0.378093,0.121638,0.015748,0.039625,3458.0,0.000164,1.0,0.06630242462369229
http://dbpedia.org/resource/Frank_Capra,http://dbpedia.org/ontology/deathPlace,"http://dbpedia.org/resource/La_Quinta,_California",1,0.0,0.065209,0.0,0.00025,1716.0,9e-05,1.0,0.7301401202145135
http://dbpedia.org/resource/Eduard_von_Böhm-Ermolli,http://dbpedia.org/ontology/deathPlace,http://dbpedia.org/resource/Opava,1,0.0,0.060184,0.0,0.0,1023.0,5.6e-05,1.0,0.8990596497780392
http://dbpedia.org/resource/James_Clavell,http://dbpedia.org/ontology/deathPlace,http://dbpedia.org/resource/Vevey,1,0.0,0.077855,0.0,0.019125,1748.0,0.000132,1.0,0.05942529651545492
http://dbpedia.org/resource/Hawley_Harvey_Crippen,http://dbpedia.org/ontology/birthPlace,"http://dbpedia.org/resource/Coldwater,_Michigan",1,0.0,0.049677,0.0,0.010625,396.0,0.000132,1.0,0.043653318760309756
http://dbpedia.org/resource/John_A._Macdonald,http://dbpedia.org/ontology/birthPlace,http://dbpedia.org/resource/Glasgow,1,0.227296,0.061554,0.000433,0.837,305118.0,4.3e-05,1.0,0.033395362698938724
http://dbpedia.org/resource/Bernardo_O'Higgins,http://dbpedia.org/ontology/birthPlace,http://dbpedia.org/resource/Chillán,1,0.558111,0.152603,0.015873,0.003875,903.0,0.00141,0.0,0.5846234607064984
http://dbpedia.org/resource/Alexander_Kerensky,http://dbpedia.org/ontology/deathPlace,http://dbpedia.org/resource/New_York_City,1,0.199565,0.067247,8.3e-05,4.6455,792429.0,4.9e-05,1.0,0.06754062850340692
http://dbpedia.org/resource/Eugene_Wigner,http://dbpedia.org/ontology/birthPlace,http://dbpedia.org/resource/Budapest,1,1.061232,0.082237,0.001206,0.82925,70261.0,0.000476,1.0,0.20950226040188846
http://dbpedia.org/resource/Jean-Jacques_Rousseau,http://dbpedia.org/ontology/deathPlace,http://dbpedia.org/resource/Ermenonville,1,0.0,0.070219,0.0,0.02525,396.0,0.000559,1.0,0.12390487018373109
http://dbpedia.org/resource/Adelaide_of_Italy,http://dbpedia.org/ontology/deathPlace,http://dbpedia.org/resource/Alsace,1,0.0,0.077634,0.0,0.0265,2580.0,0.000245,1.0,0.0777230674700965
http://dbpedia.org/resource/Emma_Goldman,http://dbpedia.org/ontology/birthPlace,http://dbpedia.org/resource/Kaunas,1,0.396404,0.087828,0.00431,0.079875,14688.0,0.000126,1.0,0.043653318760309756
http://dbpedia.org/resource/Alfred_Hitchcock,http://dbpedia.org/ontology/birthPlace,http://dbpedia.org/resource/London,1,1.347941,0.077036,0.000131,0.062125,2075801.0,7.8e-05,1.0,0.1317337558296826
http://dbpedia.org/resource/Joe_Strummer,http://dbpedia.org/ontology/deathPlace,"http://dbpedia.org/resource/Broomfield,_Somerset",1,0.0,0.05886,0.0,0.0165,804.0,0.000216,1.0,0.0777230674700965
http://dbpedia.org/resource/F._F._E._Yeo-Thomas,http://dbpedia.org/ontology/birthPlace,http://dbpedia.org/resource/London,1,0.0,0.056491,0.0,0.007,182488.0,5.6e-05,0.0,0.9931738111014589
"http://dbpedia.org/resource/Christina,_Queen_of_Sweden",http://dbpedia.org/ontology/birthPlace,http://dbpedia.org/resource/Stockholm,1,0.0,0.065548,0.0,0.00025,25890.0,0.000781,0.0,0.657432777052261
http://dbpedia.org/resource/Aaliyah,http://dbpedia.org/ontology/birthPlace,http://dbpedia.org/resource/Brooklyn,1,0.36669,0.074237,0.00032,0.169,341165.0,0.000149,0.0,0.9928589161671734
"http://dbpedia.org/resource/Diana,_Princess_of_Wales",http://dbpedia.org/ontology/birthPlace,"http://dbpedia.org/resource/Sandringham,_Norfolk",1,0.0,0.14522,0.0,0.00175,110.0,0.000883,0.0,0.7675525770594489
http://dbpedia.org/resource/Joseph_Conrad,http://dbpedia.org/ontology/deathPlace,http://dbpedia.org/resource/Bishopsbourne,1,0.123816,0.090724,0.025,0.011375,238.0,0.001221,1.0,0.12390487018373109
http://dbpedia.org/resource/Amerigo_Vespucci,http://dbpedia.org/ontology/deathPlace,http://dbpedia.org/resource/Seville,1,0.0,0.071108,0.0,0.108,6780.0,0.000117,1.0,0.05942529651545492
http://dbpedia.org/resource/John_Stuart_Mill,http://dbpedia.org/ontology/birthPlace,http://dbpedia.org/resource/London_Borough_of_Islington,1,0.096663,0.06469,0.006623,0.00475,5740.0,0.000112,0.0,0.868662995757931
http://dbpedia.org/resource/Henry_I_of_England,http://dbpedia.org/ontology/birthPlace,http://dbpedia.org/resource/Selby,1,0.0,0.060528,0.0,0.00025,1298.0,0.000194,0.0,0.7666042556173415
http://dbpedia.org/resource/Benoit_Mandelbrot,http://dbpedia.org/ontology/deathPlace,"http://dbpedia.org/resource/Cambridge,_Massachusetts",1,0.0,0.081741,0.0,0.001375,15924.0,4.9e-05,1.0,0.795116063830156
"http://dbpedia.org/resource/Francis_II,_Holy_Roman_Emperor",http://dbpedia.org/ontology/deathPlace,http://dbpedia.org/resource/Vienna,1,0.936018,0.088178,0.000513,0.01,127743.0,0.000205,1.0,0.20011768915228478
http://dbpedia.org/resource/Amerigo_Vespucci,http://dbpedia.org/ontology/birthPlace,http://dbpedia.org/resource/Florence,1,0.348682,0.077512,0.001671,0.246125,11890.0,0.00028,1.0,0.06015563225624043
http://dbpedia.org/resource/Bernardo_O'Higgins,http://dbpedia.org/ontology/deathPlace,http://dbpedia.org/resource/Lima,1,0.937034,0.097944,0.001187,0.006875,34986.0,0.000641,1.0,0.2957068456881884
http://dbpedia.org/resource/Abbas_II_of_Egypt,http://dbpedia.org/ontology/deathPlace,http://dbpedia.org/resource/Geneva,1,0.0,0.066428,0.0,0.00025,9153.0,1e-05,1.0,0.7245343278886864
http://dbpedia.org/resource/Catherine_of_Aragon,http://dbpedia.org/ontology/birthPlace,http://dbpedia.org/resource/Alcalá_de_Henares,1,0.0,0.056907,0.0,0.0,355.0,4.6e-05,0.0,0.7393360890853709
http://dbpedia.org/resource/John_Stuart_Mill,http://dbpedia.org/ontology/deathPlace,http://dbpedia.org/resource/Avignon,1,0.417032,0.115193,0.003597,0.044875,16154.0,0.00013,1.0,0.05982665452788083
http://dbpedia.org/resource/Douglas_Adams,http://dbpedia.org/ontology/birthPlace,http://dbpedia.org/resource/Cambridge,1,0.144453,0.066796,0.000833,0.216,57550.0,9.4e-05,1.0,0.05133380088978501
http://dbpedia.org/resource/John_Peel,http://dbpedia.org/ontology/deathPlace,http://dbpedia.org/resource/Cusco,1,0.0,0.047316,0.0,0.016,1313.0,0.000145,1.0,0.05942529651545492
http://dbpedia.org/resource/Joris_Ivens,http://dbpedia.org/ontology/deathPlace,http://dbpedia.org/resource/Paris,1,0.108488,0.064844,9.9e-05,1.72075,251825.0,0.000134,1.0,0.062281419542105865
http://dbpedia.org/resource/John_Peel,http://dbpedia.org/ontology/birthPlace,http://dbpedia.org/resource/Heswall,1,0.0,0.062058,0.0,0.00475,260.0,0.000224,1.0,0.1662758562881268
http://dbpedia.org/resource/Alfonso_IV_of_Aragon,http://dbpedia.org/ontology/deathPlace,http://dbpedia.org/resource/Barcelona,1,0.0,0.073842,0.0,0.0005,27450.0,4.3e-05,1.0,0.4838015983779703
http://dbpedia.org/resource/Ernst_Mayr,http://dbpedia.org/ontology/deathPlace,"http://dbpedia.org/resource/Bedford,_Massachusetts",1,0.0,0.05878,0.0,0.009125,931.0,7.2e-05,1.0,0.06650727671497003
http://dbpedia.org/resource/Cornelius_Johnson_(artist),http://dbpedia.org/ontology/birthPlace,http://dbpedia.org/resource/London,1,0.096663,0.055644,4.4e-05,0.9155,114055.0,7.1e-05,1.0,0.05133380088978501
http://dbpedia.org/resource/Fay_Wray,http://dbpedia.org/ontology/birthPlace,http://dbpedia.org/resource/Alberta,1,0.0,0.055191,0.0,0.0,328689.0,1e-05,0.0,0.6430163647140626
http://dbpedia.org/resource/Austen_Henry_Layard,http://dbpedia.org/ontology/birthPlace,http://dbpedia.org/resource/Paris,1,0.213578,0.067115,9.9e-05,0.009625,151095.0,4.9e-05,1.0,0.04741906592328893
http://dbpedia.org/resource/Frédéric_Bastiat,http://dbpedia.org/ontology/birthPlace,http://dbpedia.org/resource/Bayonne,1,0.090548,0.058635,0.005952,0.04,2850.0,0.000361,1.0,0.05739102795993045
http://dbpedia.org/resource/André_Weil,http://dbpedia.org/ontology/birthPlace,http://dbpedia.org/resource/Paris,1,0.724973,0.073082,0.000396,1.78925,201460.0,0.000335,1.0,0.15871733816658473
http://dbpedia.org/resource/Joseph_Conrad,http://dbpedia.org/ontology/birthPlace,http://dbpedia.org/resource/Berdychiv,1,0.0,0.068194,0.0,0.014375,1530.0,8.1e-05,1.0,0.04895350863688086
http://dbpedia.org/resource/George_Frideric_Handel,http://dbpedia.org/ontology/birthPlace,http://dbpedia.org/resource/Halle_(Saale),1,1.530224,0.131939,0.011765,0.044375,4320.0,0.000935,1.0,0.1565309692400464
http://dbpedia.org/resource/Ivan_Bunin,http://dbpedia.org/ontology/birthPlace,http://dbpedia.org/resource/Voronezh,1,0.0,0.063469,0.0,0.04,4360.0,0.000646,1.0,0.0648648897559887
http://dbpedia.org/resource/Jean-Jacques_Rousseau,http://dbpedia.org/ontology/birthPlace,http://dbpedia.org/resource/Geneva,1,0.144412,0.075742,0.000871,0.201875,134244.0,5.6e-05,1.0,0.04972864939383925
http://dbpedia.org/resource/Carlo_Goldoni,http://dbpedia.org/ontology/birthPlace,http://dbpedia.org/resource/Venice,1,1.229857,0.113503,0.003601,0.193125,11508.0,0.001617,1.0,0.17691008794088892
http://dbpedia.org/resource/Joe_Strummer,http://dbpedia.org/ontology/birthPlace,http://dbpedia.org/resource/Ankara,1,0.0,0.054325,0.0,0.180375,73097.0,2.1e-05,1.0,0.12270041281227095
http://dbpedia.org/resource/Carlo_Goldoni,http://dbpedia.org/ontology/deathPlace,http://dbpedia.org/resource/Paris,1,0.108488,0.06188,9.9e-05,1.709375,141022.0,0.000104,1.0,0.062281419542105865
http://dbpedia.org/resource/Ambrose,http://dbpedia.org/ontology/birthPlace,http://dbpedia.org/resource/Trier,1,0.0,0.079358,0.0,0.022,3429.0,9.8e-05,1.0,0.043653318760309756
http://dbpedia.org/resource/Alfonso_IV_of_Aragon,http://dbpedia.org/ontology/birthPlace,http://dbpedia.org/resource/Naples,1,0.0,0.065329,0.0,0.0,16030.0,0.000247,0.0,0.677232975656562
http://dbpedia.org/resource/André_Weil,http://dbpedia.org/ontology/deathPlace,"http://dbpedia.org/resource/Princeton,_New_Jersey",1,0.0,0.071583,0.0,0.08075,10520.0,7.5e-05,1.0,0.06650727671497003
http://dbpedia.org/resource/Emma_Goldman,http://dbpedia.org/ontology/deathPlace,http://dbpedia.org/resource/Kaunas,0,0.396404,0.141474,0.00431,0.079875,14688.0,0.000192,0.0,0.9936472597337497
http://dbpedia.org/resource/John_A._Roebling,http://dbpedia.org/ontology/deathPlace,http://dbpedia.org/resource/Mühlhausen,0,0.0,0.220928,0.0,0.006,306.0,0.000139,0.0,0.9726097586603419
http://dbpedia.org/resource/James_Clavell,http://dbpedia.org/ontology/deathPlace,http://dbpedia.org/resource/Sydney,0,0.0,0.056547,0.0,0.000125,126960.0,1.1e-05,1.0,0.7497956489764966
http://dbpedia.org/resource/Ambrose,http://dbpedia.org/ontology/birthPlace,http://dbpedia.org/resource/Milan,0,0.125975,0.111881,0.000354,0.4565,75654.0,0.001608,0.0,0.9878454828993234
http://dbpedia.org/resource/Frank_Capra,http://dbpedia.org/ontology/deathPlace,http://dbpedia.org/resource/Bisacquino,0,0.0,0.062421,0.0,0.0,396.0,1.5e-05,1.0,0.9273400095593566
http://dbpedia.org/resource/Alexander_Kerensky,http://dbpedia.org/ontology/deathPlace,http://dbpedia.org/resource/Ulyanovsk,0,0.352956,0.182195,0.008264,0.025375,2937.0,0.00026,0.0,0.9936472597337497
http://dbpedia.org/resource/Arthur_de_Gobineau,http://dbpedia.org/ontology/deathPlace,http://dbpedia.org/resource/Ville-d'Avray,0,0.0,0.250267,0.0,0.004875,260.0,0.000985,0.0,0.9704426029834046
http://dbpedia.org/resource/Eugene_Wigner,http://dbpedia.org/ontology/deathPlace,http://dbpedia.org/resource/Budapest,0,1.061232,0.107218,0.001206,0.82925,70261.0,0.000556,0.0,0.9938962523097273
http://dbpedia.org/resource/George_Frideric_Handel,http://dbpedia.org/ontology/deathPlace,http://dbpedia.org/resource/Halle_(Saale),0,1.530224,0.154306,0.011765,0.044375,4320.0,0.001299,0.0,0.9917789507149517
http://dbpedia.org/resource/Douglas_Adams,http://dbpedia.org/ontology/birthPlace,"http://dbpedia.org/resource/Santa_Barbara,_California",0,0.0,0.075996,0.0,0.0035,37250.0,2.8e-05,0.0,0.7903537120150699
http://dbpedia.org/resource/Catherine_of_Aragon,http://dbpedia.org/ontology/birthPlace,http://dbpedia.org/resource/Huntingdonshire,0,0.0,0.062229,0.0,0.0,885.0,6.3e-05,0.0,0.7101313315531261
http://dbpedia.org/resource/Alfonso_IV_of_Aragon,http://dbpedia.org/ontology/birthPlace,http://dbpedia.org/resource/Barcelona,0,0.0,0.073842,0.0,0.0005,27450.0,5.9e-05,0.0,0.8239878181469401
http://dbpedia.org/resource/Douglas_Adams,http://dbpedia.org/ontology/deathPlace,http://dbpedia.org/resource/Cambridge,0,0.144453,0.124249,0.000833,0.216,57550.0,6.3e-05,0.0,0.9939231742622222
http://dbpedia.org/resource/Joseph_Conrad,http://dbpedia.org/ontology/birthPlace,http://dbpedia.org/resource/Bishopsbourne,0,0.123816,0.339454,0.025,0.011375,238.0,0.001107,0.0,0.9859072903296348
http://dbpedia.org/resource/Alfonso_IV_of_Aragon,http://dbpedia.org/ontology/deathPlace,http://dbpedia.org/resource/Naples,0,0.0,0.065329,0.0,0.0,16030.0,0.000211,1.0,0.8773558794717317
http://dbpedia.org/resource/Arthur_de_Gobineau,http://dbpedia.org/ontology/birthPlace,http://dbpedia.org/resource/Turin,0,0.266214,0.122748,0.001561,0.247875,16510.0,0.000157,0.0,0.9928621911037013
"http://dbpedia.org/resource/Albert_VII,_Archduke_of_Austria",http://dbpedia.org/ontology/deathPlace,http://dbpedia.org/resource/Wiener_Neustadt,0,0.0,0.06119,0.0,0.0,930.0,3.4e-05,1.0,0.7197524001389993
http://dbpedia.org/resource/Joseph_Conrad,http://dbpedia.org/ontology/deathPlace,http://dbpedia.org/resource/Berdychiv,0,0.0,0.208045,0.0,0.014375,1530.0,7e-05,0.0,0.9936709901052471
http://dbpedia.org/resource/Catherine_of_Aragon,http://dbpedia.org/ontology/deathPlace,http://dbpedia.org/resource/Alcalá_de_Henares,0,0.0,0.056907,0.0,0.0,355.0,4.2e-05,1.0,0.7075141581734874
http://dbpedia.org/resource/Joris_Ivens,http://dbpedia.org/ontology/deathPlace,http://dbpedia.org/resource/Nijmegen,0,0.105761,0.155117,0.003906,0.0755,5800.0,0.000186,0.0,0.9928687580086283
http://dbpedia.org/resource/Gregory_Bateson,http://dbpedia.org/ontology/deathPlace,http://dbpedia.org/resource/Grantchester,0,0.0,0.280509,0.0,0.011125,650.0,0.000198,0.0,0.9928687580086283
http://dbpedia.org/resource/James_Wilkinson,http://dbpedia.org/ontology/birthPlace,http://dbpedia.org/resource/Mexico_City,0,0.700454,0.106414,0.000673,1.416125,124180.0,0.000117,0.0,0.9928589161671734
http://dbpedia.org/resource/Ivan_Bunin,http://dbpedia.org/ontology/deathPlace,http://dbpedia.org/resource/Voronezh,0,0.0,0.156629,0.0,0.04,4360.0,0.000674,0.0,0.9928687580086283
http://dbpedia.org/resource/J._R._R._Tolkien,http://dbpedia.org/ontology/deathPlace,http://dbpedia.org/resource/Bloemfontein,0,0.222232,0.14985,0.002342,0.073375,39867.0,5.4e-05,0.0,0.9941240072145384
http://dbpedia.org/resource/Gregory_Bateson,http://dbpedia.org/ontology/birthPlace,http://dbpedia.org/resource/San_Francisco,0,0.217147,0.073474,0.000185,0.005375,267500.0,9.2e-05,0.0,0.890913440096241
http://dbpedia.org/resource/Jean-Jacques_Rousseau,http://dbpedia.org/ontology/birthPlace,http://dbpedia.org/resource/Ermenonville,0,0.0,0.476505,0.0,0.02525,396.0,0.000703,0.0,0.9878465160864605
http://dbpedia.org/resource/Alfred_Hitchcock,http://dbpedia.org/ontology/birthPlace,"http://dbpedia.org/resource/Bel_Air,_Los_Angeles",0,0.378093,0.215629,0.015748,0.039625,3458.0,0.000162,0.0,0.9917134731677971
http://dbpedia.org/resource/F._F._E._Yeo-Thomas,http://dbpedia.org/ontology/deathPlace,http://dbpedia.org/resource/London,0,0.0,0.056491,0.0,0.007,182488.0,3.6e-05,1.0,0.025533985740995968
http://dbpedia.org/resource/Ernst_Mayr,http://dbpedia.org/ontology/deathPlace,http://dbpedia.org/resource/Kempten,0,0.0,0.210031,0.0,0.008375,817.0,9.7e-05,0.0,0.9928687580086283
http://dbpedia.org/resource/Frank_Capra,http://dbpedia.org/ontology/birthPlace,"http://dbpedia.org/resource/La_Quinta,_California",0,0.0,0.065209,0.0,0.00025,1716.0,8.2e-05,0.0,0.8104870866965178
http://dbpedia.org/resource/Ivan_Bunin,http://dbpedia.org/ontology/birthPlace,http://dbpedia.org/resource/Paris,0,0.199036,0.09787,0.000198,2.66625,201460.0,0.000397,0.0,0.9914846050481825
http://dbpedia.org/resource/Carlo_Goldoni,http://dbpedia.org/ontology/deathPlace,http://dbpedia.org/resource/Venice,0,1.229857,0.129672,0.003601,0.193125,11508.0,0.001458,0.0,0.9929154074394292
http://dbpedia.org/resource/Anton_Chekhov,http://dbpedia.org/ontology/birthPlace,http://dbpedia.org/resource/Badenweiler,0,0.0,0.302793,0.0,0.01875,1340.0,0.000143,0.0,0.9917172690279148
http://dbpedia.org/resource/Austen_Henry_Layard,http://dbpedia.org/ontology/deathPlace,http://dbpedia.org/resource/Paris,0,0.213578,0.067115,9.9e-05,0.009625,151095.0,6.1e-05,0.0,0.9942150087562738
http://dbpedia.org/resource/John_A._Macdonald,http://dbpedia.org/ontology/birthPlace,http://dbpedia.org/resource/Ottawa,0,0.841355,0.112394,0.001453,0.842,180230.0,0.000433,0.0,0.9914807034773778
http://dbpedia.org/resource/Joe_Strummer,http://dbpedia.org/ontology/deathPlace,http://dbpedia.org/resource/Ankara,0,0.0,0.125081,0.0,0.180375,73097.0,2.6e-05,0.0,0.992379152698359
"http://dbpedia.org/resource/Albert_VII,_Archduke_of_Austria",http://dbpedia.org/ontology/birthPlace,http://dbpedia.org/resource/Brussels,0,0.0,0.088676,0.0,0.00025,29055.0,0.000135,0.0,0.7666042556173415
http://dbpedia.org/resource/Anton_Chekhov,http://dbpedia.org/ontology/deathPlace,http://dbpedia.org/resource/Taganrog,0,1.590353,0.160763,0.009494,0.05775,24790.0,0.000977,0.0,0.9917789507149517
http://dbpedia.org/resource/Benoit_Mandelbrot,http://dbpedia.org/ontology/deathPlace,http://dbpedia.org/resource/Warsaw,0,0.0,0.076464,0.0,0.000875,37044.0,4.4e-05,1.0,0.5816020262273253
http://dbpedia.org/resource/George_Frideric_Handel,http://dbpedia.org/ontology/birthPlace,http://dbpedia.org/resource/London,0,0.196315,0.090621,8.8e-05,4.32875,410598.0,0.000138,0.0,0.9928621911037013
http://dbpedia.org/resource/Adelaide_of_Italy,http://dbpedia.org/ontology/deathPlace,http://dbpedia.org/resource/Orbe,0,0.0,0.244436,0.0,0.004625,330.0,0.00055,0.0,0.9744547074854923
http://dbpedia.org/resource/James_Wilkinson,http://dbpedia.org/ontology/deathPlace,"http://dbpedia.org/resource/Benedict,_Maryland",0,0.220624,0.144532,0.032258,0.002875,112.0,0.001676,1.0,0.8245153611591707
http://dbpedia.org/resource/Aaliyah,http://dbpedia.org/ontology/deathPlace,http://dbpedia.org/resource/Brooklyn,0,0.36669,0.074237,0.00032,0.169,341165.0,0.000128,0.0,0.9945268714845165
http://dbpedia.org/resource/Hawley_Harvey_Crippen,http://dbpedia.org/ontology/birthPlace,http://dbpedia.org/resource/London,0,0.196315,0.090621,8.8e-05,4.3265,136866.0,0.000397,0.0,0.9914846050481825
http://dbpedia.org/resource/Abbas_II_of_Egypt,http://dbpedia.org/ontology/birthPlace,http://dbpedia.org/resource/Geneva,0,0.0,0.066428,0.0,0.00025,9153.0,9e-06,0.0,0.7381994099292224
http://dbpedia.org/resource/Joris_Ivens,http://dbpedia.org/ontology/birthPlace,http://dbpedia.org/resource/Paris,0,0.108488,0.09787,9.9e-05,1.72075,251825.0,0.000132,0.0,0.9928621911037013
http://dbpedia.org/resource/John_A._Roebling,http://dbpedia.org/ontology/birthPlace,http://dbpedia.org/resource/New_York_City,0,0.459818,0.090201,8.3e-05,3.539625,216117.0,0.000402,0.0,0.9914807034773778
http://dbpedia.org/resource/John_Stuart_Mill,http://dbpedia.org/ontology/deathPlace,http://dbpedia.org/resource/London_Borough_of_Islington,0,0.096663,0.06469,0.006623,0.00475,5740.0,0.000132,1.0,0.596489630944196
http://dbpedia.org/resource/Jean-Jacques_Rousseau,http://dbpedia.org/ontology/deathPlace,http://dbpedia.org/resource/Geneva,0,0.144412,0.126189,0.000871,0.201875,134244.0,6.7e-05,0.0,0.9945473341370791
http://dbpedia.org/resource/Cornelius_Johnson_(artist),http://dbpedia.org/ontology/deathPlace,http://dbpedia.org/resource/London,0,0.096663,0.055644,4.4e-05,0.9155,114055.0,0.000118,0.0,0.993855495929683
"http://dbpedia.org/resource/Francis_II,_Holy_Roman_Emperor",http://dbpedia.org/ontology/birthPlace,http://dbpedia.org/resource/Vienna,0,0.936018,0.088178,0.000513,0.01,127743.0,0.000136,0.0,0.9917134731677971
http://dbpedia.org/resource/Fay_Wray,http://dbpedia.org/ontology/deathPlace,http://dbpedia.org/resource/Alberta,0,0.0,0.055191,0.0,0.0,328689.0,1.1e-05,1.0,0.8140126574990663
http://dbpedia.org/resource/Eduard_von_Böhm-Ermolli,http://dbpedia.org/ontology/birthPlace,http://dbpedia.org/resource/Opava,0,0.0,0.060184,0.0,0.0,1023.0,4.4e-05,0.0,0.7393360890853709
http://dbpedia.org/resource/Abd_al-Rahman_I,http://dbpedia.org/ontology/birthPlace,"http://dbpedia.org/resource/Córdoba,_Spain",0,0.0,0.072711,0.0,0.0,1680.0,6.3e-05,0.0,0.7101313315531261
http://dbpedia.org/resource/Fay_Wray,http://dbpedia.org/ontology/birthPlace,http://dbpedia.org/resource/New_York_City,0,0.276938,0.06804,4.2e-05,0.009875,1416767.0,4.7e-05,0.0,0.9931738111014589
http://dbpedia.org/resource/John_von_Neumann,http://dbpedia.org/ontology/birthPlace,"http://dbpedia.org/resource/Washington,_D.C.",0,0.195641,0.099963,0.000242,1.7905,1203684.0,4.6e-05,0.0,0.9952968946218993
http://dbpedia.org/resource/Amerigo_Vespucci,http://dbpedia.org/ontology/birthPlace,http://dbpedia.org/resource/Seville,0,0.0,0.132994,0.0,0.108,6780.0,0.000147,0.0,0.9917172690279148
http://dbpedia.org/resource/Henry_Moseley,http://dbpedia.org/ontology/birthPlace,http://dbpedia.org/resource/Gelibolu,0,0.0,0.075922,0.0,0.000875,360.0,7.6e-05,0.0,0.7860672040810472
http://dbpedia.org/resource/F._F._E._Yeo-Thomas,http://dbpedia.org/ontology/birthPlace,http://dbpedia.org/resource/Paris,0,0.0,0.059226,0.0,0.02775,80584.0,5.2e-05,0.0,0.9931738111014589
http://dbpedia.org/resource/Henry_Moseley,http://dbpedia.org/ontology/deathPlace,"http://dbpedia.org/resource/Weymouth,_Dorset",0,0.141226,0.176279,0.008264,0.02925,1605.0,0.000213,0.0,0.9928687580086283
http://dbpedia.org/resource/Abd_al-Rahman_I,http://dbpedia.org/ontology/deathPlace,http://dbpedia.org/resource/Damascus,0,0.0,0.070612,0.0,0.0,5355.0,3.4e-05,1.0,0.7197524001389993
http://dbpedia.org/resource/C._S._Forester,http://dbpedia.org/ontology/deathPlace,http://dbpedia.org/resource/Cairo,0,0.348404,0.117458,0.001075,0.317625,54990.0,0.000197,0.0,0.9945268714845165
http://dbpedia.org/resource/Hawley_Harvey_Crippen,http://dbpedia.org/ontology/deathPlace,"http://dbpedia.org/resource/Coldwater,_Michigan",0,0.0,0.192691,0.0,0.010625,396.0,0.000137,0.0,0.9928687580086283
http://dbpedia.org/resource/John_Peel,http://dbpedia.org/ontology/birthPlace,http://dbpedia.org/resource/Cusco,0,0.0,0.178091,0.0,0.016,1313.0,0.000131,0.0,0.9917172690279148
"http://dbpedia.org/resource/Christina,_Queen_of_Sweden",http://dbpedia.org/ontology/birthPlace,http://dbpedia.org/resource/Rome,0,0.0,0.051436,0.0,0.0,37818.0,1.9e-05,0.0,0.6430163647140626
http://dbpedia.org/resource/John_Peel,http://dbpedia.org/ontology/deathPlace,http://dbpedia.org/resource/Heswall,0,0.0,0.250267,0.0,0.00475,260.0,0.000229,0.0,0.9744547074854923
http://dbpedia.org/resource/André_Weil,http://dbpedia.org/ontology/birthPlace,"http://dbpedia.org/resource/Princeton,_New_Jersey",0,0.0,0.137641,0.0,0.08075,10520.0,8.3e-05,0.0,0.9926480791787361
http://dbpedia.org/resource/John_von_Neumann,http://dbpedia.org/ontology/deathPlace,http://dbpedia.org/resource/Budapest,0,1.890915,0.107218,0.001872,0.93,611684.0,0.000134,0.0,0.9938962523097273
http://dbpedia.org/resource/Eugene_Wigner,http://dbpedia.org/ontology/birthPlace,"http://dbpedia.org/resource/Princeton,_New_Jersey",0,0.0,0.137641,0.0,0.07525,8942.0,0.000143,0.0,0.9917172690279148
http://dbpedia.org/resource/Emma_Goldman,http://dbpedia.org/ontology/birthPlace,http://dbpedia.org/resource/Toronto,0,0.110131,0.099205,0.000113,1.332375,298486.0,5.9e-05,0.0,0.9942096743354594
http://dbpedia.org/resource/Augustus_II_the_Strong,http://dbpedia.org/ontology/deathPlace,http://dbpedia.org/resource/Dresden,0,0.0,0.093266,0.0,0.000875,15290.0,7.9e-05,1.0,0.8005129247645749
http://dbpedia.org/resource/Frédéric_Bastiat,http://dbpedia.org/ontology/birthPlace,http://dbpedia.org/resource/Rome,0,0.261189,0.102577,0.000316,1.2525,119757.0,0.000111,0.0,0.9928621911037013
"http://dbpedia.org/resource/Francis_II,_Holy_Roman_Emperor",http://dbpedia.org/ontology/deathPlace,http://dbpedia.org/resource/Florence,0,0.0,0.074633,0.0,0.000375,39237.0,3.6e-05,1.0,0.4987690270554904
http://dbpedia.org/resource/Eduard_von_Böhm-Ermolli,http://dbpedia.org/ontology/deathPlace,http://dbpedia.org/resource/Ancona,0,0.0,0.060211,0.0,0.000375,1573.0,2.8e-05,1.0,0.6907976748674232
http://dbpedia.org/resource/Austen_Henry_Layard,http://dbpedia.org/ontology/birthPlace,http://dbpedia.org/resource/London,0,0.712288,0.074976,0.000131,0.06475,342165.0,0.000378,0.0,0.9901163932869809
http://dbpedia.org/resource/Joe_Strummer,http://dbpedia.org/ontology/birthPlace,"http://dbpedia.org/resource/Broomfield,_Somerset",0,0.0,0.286952,0.0,0.0165,804.0,0.000204,0.0,0.9917172690279148
"http://dbpedia.org/resource/Christina,_Queen_of_Sweden",http://dbpedia.org/ontology/deathPlace,http://dbpedia.org/resource/Stockholm,0,0.0,0.065548,0.0,0.00025,25890.0,0.000961,1.0,0.8230574736767642
http://dbpedia.org/resource/Irenaeus,http://dbpedia.org/ontology/birthPlace,http://dbpedia.org/resource/Lyon,0,0.648658,0.102502,0.001873,0.090875,12696.0,0.000957,0.0,0.9859008696916247
http://dbpedia.org/resource/Cornelius_Johnson_(artist),http://dbpedia.org/ontology/birthPlace,http://dbpedia.org/resource/Utrecht,0,0.105761,0.13483,0.001623,0.153,3060.0,0.000337,0.0,0.9928621911037013
http://dbpedia.org/resource/Alfred_Hitchcock,http://dbpedia.org/ontology/deathPlace,http://dbpedia.org/resource/London,0,1.347941,0.077036,0.000131,0.062125,2075801.0,0.000118,0.0,0.992916012751316
http://dbpedia.org/resource/Adelaide_of_Italy,http://dbpedia.org/ontology/birthPlace,http://dbpedia.org/resource/Alsace,0,0.0,0.162668,0.0,0.0265,2580.0,0.000201,0.0,0.9917172690279148
http://dbpedia.org/resource/Frédéric_Bastiat,http://dbpedia.org/ontology/deathPlace,http://dbpedia.org/resource/Bayonne,0,0.090548,0.166372,0.005952,0.04,2850.0,0.000398,0.0,0.9928687580086283
http://dbpedia.org/resource/John_Stuart_Mill,http://dbpedia.org/ontology/birthPlace,http://dbpedia.org/resource/Avignon,0,0.417032,0.159154,0.003597,0.044875,16154.0,0.000228,0.0,0.9917134731677971
http://dbpedia.org/resource/Carlo_Goldoni,http://dbpedia.org/ontology/birthPlace,http://dbpedia.org/resource/Paris,0,0.108488,0.09787,9.9e-05,1.709375,141022.0,9.7e-05,0.0,0.9928621911037013
http://dbpedia.org/resource/Benoit_Mandelbrot,http://dbpedia.org/ontology/birthPlace,"http://dbpedia.org/resource/Cambridge,_Massachusetts",0,0.0,0.081741,0.0,0.001375,15924.0,5.9e-05,0.0,0.8008801902790028
http://dbpedia.org/resource/Aaliyah,http://dbpedia.org/ontology/birthPlace,http://dbpedia.org/resource/Marsh_Harbour,0,0.5092,0.312771,0.032258,0.019,495.0,0.001291,0.0,0.9859008696916247
http://dbpedia.org/resource/Henry_I_of_England,http://dbpedia.org/ontology/birthPlace,http://dbpedia.org/resource/Lyons-la-Forêt,0,0.0,0.08401,0.0,0.0,66.0,0.000755,0.0,0.550755566587711
http://dbpedia.org/resource/James_Clavell,http://dbpedia.org/ontology/birthPlace,http://dbpedia.org/resource/Vevey,0,0.0,0.187591,0.0,0.019125,1748.0,0.000134,0.0,0.9917172690279148
http://dbpedia.org/resource/Irenaeus,http://dbpedia.org/ontology/deathPlace,http://dbpedia.org/resource/İzmir,0,0.100354,0.077524,0.001799,0.05025,6540.0,0.000165,1.0,0.05942529651545492
http://dbpedia.org/resource/Ernst_Mayr,http://dbpedia.org/ontology/birthPlace,"http://dbpedia.org/resource/Bedford,_Massachusetts",0,0.0,0.204423,0.0,0.009125,931.0,0.000101,0.0,0.9917172690279148
http://dbpedia.org/resource/J._R._R._Tolkien,http://dbpedia.org/ontology/birthPlace,http://dbpedia.org/resource/Bournemouth,0,0.849342,0.140973,0.005199,0.098875,60691.0,7.6e-05,0.0,0.992644706732126
http://dbpedia.org/resource/Henry_I_of_England,http://dbpedia.org/ontology/deathPlace,http://dbpedia.org/resource/Selby,0,0.0,0.060528,0.0,0.00025,1298.0,0.000134,1.0,0.6751103507329468
http://dbpedia.org/resource/Bernardo_O'Higgins,http://dbpedia.org/ontology/deathPlace,http://dbpedia.org/resource/Chillán,0,0.558111,0.152603,0.015873,0.003875,903.0,0.00139,1.0,0.9402089068642354
"http://dbpedia.org/resource/Diana,_Princess_of_Wales",http://dbpedia.org/ontology/birthPlace,http://dbpedia.org/resource/Paris,0,0.352956,0.076623,9.9e-05,0.002625,221606.0,8.7e-05,0.0,0.5731896926026028
http://dbpedia.org/resource/Amerigo_Vespucci,http://dbpedia.org/ontology/deathPlace,http://dbpedia.org/resource/Florence,0,0.348682,0.123749,0.001671,0.246125,11890.0,0.000287,0.0,0.9945268714845165
http://dbpedia.org/resource/C._S._Forester,http://dbpedia.org/ontology/birthPlace,"http://dbpedia.org/resource/Fullerton,_California",0,0.0,0.159676,0.0,0.028875,5790.0,9.7e-05,0.0,0.9917172690279148
http://dbpedia.org/resource/Bernardo_O'Higgins,http://dbpedia.org/ontology/birthPlace,http://dbpedia.org/resource/Lima,0,0.937034,0.097944,0.001187,0.006875,34986.0,0.000624,0.0,0.9878409680634366
http://dbpedia.org/resource/John_A._Macdonald,http://dbpedia.org/ontology/deathPlace,http://dbpedia.org/resource/Glasgow,0,0.227296,0.106115,0.000433,0.837,305118.0,6.4e-05,0.0,0.9939231742622222
http://dbpedia.org/resource/Augustus_II_the_Strong,http://dbpedia.org/ontology/birthPlace,http://dbpedia.org/resource/Warsaw,0,0.0,0.072804,0.0,0.0015,67914.0,0.000178,0.0,0.7651690851699383
http://dbpedia.org/resource/André_Weil,http://dbpedia.org/ontology/deathPlace,http://dbpedia.org/resource/Paris,0,0.724973,0.09787,0.000396,1.78925,201460.0,0.000268,0.0,0.9938962523097273
http://dbpedia.org/resource/Abbas_II_of_Egypt,http://dbpedia.org/ontology/deathPlace,http://dbpedia.org/resource/Alexandria,0,0.0,0.078208,0.0,0.002625,5688.0,0.000167,1.0,0.6536269788684483
http://dbpedia.org/resource/Alexander_Kerensky,http://dbpedia.org/ontology/birthPlace,http://dbpedia.org/resource/New_York_City,0,0.199565,0.090201,8.3e-05,4.6455,792429.0,4.6e-05,0.0,0.9952968946218993
"http://dbpedia.org/resource/Diana,_Princess_of_Wales",http://dbpedia.org/ontology/deathPlace,"http://dbpedia.org/resource/Sandringham,_Norfolk",0,0.0,0.14522,0.0,0.00175,110.0,0.000894,1.0,0.7698650087862299
