subject,predicate,object,truth,pathent,jaccard,ks,degree_product,simrank,predpath,ensemble_score
http://dbpedia.org/resource/Gregory_Bateson,http://dbpedia.org/ontology/birthPlace,http://dbpedia.org/resource/Grantchester,1,2914.342512,0.0,0.034462,650.0,0.000169,1.0,0.8765338274439928
http://dbpedia.org/resource/C._S._Forester,http://dbpedia.org/ontology/birthPlace,http://dbpedia.org/resource/Cairo,1,4181.19376,0.001075,0.045356,54990.0,0.000114,1.0,0.8765338274439928
http://dbpedia.org/resource/Emma_Goldman,http://dbpedia.org/ontology/deathPlace,http://dbpedia.org/resource/Toronto,1,7992.352738,0.000113,0.04189,298486.0,3.6e-05,1.0,0.9558624835090419
http://dbpedia.org/resource/Abd_al-Rahman_I,http://dbpedia.org/ontology/birthPlace,http://dbpedia.org/resource/Damascus,1,-12.01276,0.0,0.050632,5355.0,3.1e-05,1.0,0.8973874240847777
http://dbpedia.org/resource/Augustus_II_the_Strong,http://dbpedia.org/ontology/deathPlace,http://dbpedia.org/resource/Warsaw,1,252.210959,0.0,0.077942,67914.0,0.00017,0.0,0.8991188287567036
http://dbpedia.org/resource/Augustus_II_the_Strong,http://dbpedia.org/ontology/birthPlace,http://dbpedia.org/resource/Dresden,1,294.820211,0.0,0.089231,15290.0,8.5e-05,1.0,0.8765338274439928
http://dbpedia.org/resource/Hawley_Harvey_Crippen,http://dbpedia.org/ontology/deathPlace,http://dbpedia.org/resource/London,1,2658.249021,8.8e-05,0.068394,136866.0,0.000377,1.0,0.9558624835090419
http://dbpedia.org/resource/J._R._R._Tolkien,http://dbpedia.org/ontology/deathPlace,http://dbpedia.org/resource/Bournemouth,1,7205.996637,0.005199,0.112085,60691.0,0.000139,1.0,0.9558624835090419
http://dbpedia.org/resource/Abbas_II_of_Egypt,http://dbpedia.org/ontology/birthPlace,http://dbpedia.org/resource/Alexandria,1,421.423598,0.0,0.047468,5688.0,0.000271,1.0,0.8765338274439928
http://dbpedia.org/resource/John_von_Neumann,http://dbpedia.org/ontology/birthPlace,http://dbpedia.org/resource/Budapest,1,4162.407144,0.001872,0.098703,611684.0,0.000119,1.0,0.8765338274439928
http://dbpedia.org/resource/Joris_Ivens,http://dbpedia.org/ontology/birthPlace,http://dbpedia.org/resource/Nijmegen,1,48075.214562,0.003906,0.034252,5800.0,0.000184,1.0,0.8765338274439928
http://dbpedia.org/resource/Benoit_Mandelbrot,http://dbpedia.org/ontology/birthPlace,http://dbpedia.org/resource/Warsaw,1,245.737563,0.0,0.04308,37044.0,7e-05,1.0,0.8765338274439928
http://dbpedia.org/resource/J._R._R._Tolkien,http://dbpedia.org/ontology/birthPlace,http://dbpedia.org/resource/Bloemfontein,1,8441.21223,0.002342,0.049128,39867.0,4.6e-05,1.0,0.8765338274439928
http://dbpedia.org/resource/Anton_Chekhov,http://dbpedia.org/ontology/birthPlace,http://dbpedia.org/resource/Taganrog,1,4067.554178,0.009494,0.195843,24790.0,0.001073,1.0,0.8765338274439928
http://dbpedia.org/resource/Aaliyah,http://dbpedia.org/ontology/deathPlace,http://dbpedia.org/resource/Marsh_Harbour,1,7915.943901,0.032258,0.095992,495.0,0.001485,1.0,0.9558624835090419
http://dbpedia.org/resource/Ivan_Bunin,http://dbpedia.org/ontology/deathPlace,http://dbpedia.org/resource/Paris,1,3322.896622,0.000198,0.041606,201460.0,0.000502,1.0,0.9558624835090419
http://dbpedia.org/resource/Alexander_Kerensky,http://dbpedia.org/ontology/birthPlace,http://dbpedia.org/resource/Ulyanovsk,1,4058.587262,0.008264,0.094572,2937.0,0.000333,1.0,0.8765338274439928
http://dbpedia.org/resource/Ernst_Mayr,http://dbpedia.org/ontology/birthPlace,http://dbpedia.org/resource/Kempten,1,1568.478536,0.0,0.030608,817.0,9.3e-05,1.0,0.8765338274439928
http://dbpedia.org/resource/Austen_Henry_Layard,http://dbpedia.org/ontology/deathPlace,http://dbpedia.org/resource/London,1,4371.901115,0.000131,0.078423,342165.0,0.000478,1.0,0.9558624835090419
http://dbpedia.org/resource/Douglas_Adams,http://dbpedia.org/ontology/deathPlace,"http://dbpedia.org/resource/Santa_Barbara,_California",1,453.318062,0.0,0.057783,37250.0,2.7e-05,1.0,0.9558624835090419
http://dbpedia.org/resource/James_Wilkinson,http://dbpedia.org/ontology/birthPlace,"http://dbpedia.org/resource/Benedict,_Maryland",1,65.662996,0.032258,0.061053,112.0,0.00211,1.0,0.8765338274439928
http://dbpedia.org/resource/Arthur_de_Gobineau,http://dbpedia.org/ontology/birthPlace,http://dbpedia.org/resource/Ville-d'Avray,1,880.87786,0.0,0.057444,260.0,0.00106,1.0,0.8765338274439928
"http://dbpedia.org/resource/Francis_II,_Holy_Roman_Emperor",http://dbpedia.org/ontology/birthPlace,http://dbpedia.org/resource/Florence,1,75.799053,0.0,0.053135,39237.0,3.3e-05,1.0,0.8765338274439928
http://dbpedia.org/resource/John_A._Roebling,http://dbpedia.org/ontology/birthPlace,http://dbpedia.org/resource/Mühlhausen,1,1331.087317,0.0,0.048281,306.0,0.000108,1.0,0.8765338274439928
http://dbpedia.org/resource/Cornelius_Johnson_(artist),http://dbpedia.org/ontology/deathPlace,http://dbpedia.org/resource/Utrecht,1,4202.850869,0.001623,0.035725,3060.0,0.000419,0.0,0.8991188287567036
http://dbpedia.org/resource/John_A._Macdonald,http://dbpedia.org/ontology/deathPlace,http://dbpedia.org/resource/Ottawa,1,4381.721602,0.001453,0.136882,180230.0,0.000484,1.0,0.9558624835090419
http://dbpedia.org/resource/John_A._Roebling,http://dbpedia.org/ontology/deathPlace,http://dbpedia.org/resource/New_York_City,1,2522.56036,8.3e-05,0.051107,216117.0,0.0004,1.0,0.9558624835090419
http://dbpedia.org/resource/James_Wilkinson,http://dbpedia.org/ontology/deathPlace,http://dbpedia.org/resource/Mexico_City,1,3684.491273,0.000673,0.144137,124180.0,0.000105,1.0,0.9558624835090419
http://dbpedia.org/resource/Arthur_de_Gobineau,http://dbpedia.org/ontology/deathPlace,http://dbpedia.org/resource/Turin,1,4256.723654,0.001561,0.04225,16510.0,0.000151,1.0,0.9558624835090419
http://dbpedia.org/resource/Frédéric_Bastiat,http://dbpedia.org/ontology/deathPlace,http://dbpedia.org/resource/Rome,1,9741.325251,0.000316,0.036329,119757.0,0.000111,1.0,0.9558624835090419
http://dbpedia.org/resource/Adelaide_of_Italy,http://dbpedia.org/ontology/birthPlace,http://dbpedia.org/resource/Orbe,1,872.429811,0.0,0.017348,330.0,0.00059,1.0,0.8765338274439928
"http://dbpedia.org/resource/Albert_VII,_Archduke_of_Austria",http://dbpedia.org/ontology/birthPlace,http://dbpedia.org/resource/Wiener_Neustadt,1,-14.538223,0.0,0.042907,930.0,3.2e-05,1.0,0.8973874240847777
http://dbpedia.org/resource/Irenaeus,http://dbpedia.org/ontology/birthPlace,http://dbpedia.org/resource/İzmir,1,3550.124245,0.001799,0.056701,6540.0,0.000142,1.0,0.8765338274439928
http://dbpedia.org/resource/Henry_Moseley,http://dbpedia.org/ontology/birthPlace,"http://dbpedia.org/resource/Weymouth,_Dorset",1,4694.308851,0.008264,0.051149,1605.0,0.000293,1.0,0.8765338274439928
http://dbpedia.org/resource/Eduard_von_Böhm-Ermolli,http://dbpedia.org/ontology/birthPlace,http://dbpedia.org/resource/Ancona,1,31.811331,0.0,0.035055,1573.0,3.5e-05,1.0,0.8765338274439928
http://dbpedia.org/resource/Henry_I_of_England,http://dbpedia.org/ontology/deathPlace,http://dbpedia.org/resource/Lyons-la-Forêt,1,-18.354889,0.0,0.032816,66.0,0.000767,0.0,0.919970599191156
http://dbpedia.org/resource/Irenaeus,http://dbpedia.org/ontology/deathPlace,http://dbpedia.org/resource/Lyon,1,4319.640951,0.001873,0.092601,12696.0,0.001252,0.0,0.8991188287567036
http://dbpedia.org/resource/F._F._E._Yeo-Thomas,http://dbpedia.org/ontology/deathPlace,http://dbpedia.org/resource/Paris,1,3289.969428,0.0,0.037803,80584.0,7.9e-05,0.0,0.8991188287567036
http://dbpedia.org/resource/Eugene_Wigner,http://dbpedia.org/ontology/deathPlace,"http://dbpedia.org/resource/Princeton,_New_Jersey",1,4175.967395,0.0,0.065928,8942.0,0.00019,1.0,0.9558624835090419
http://dbpedia.org/resource/Anton_Chekhov,http://dbpedia.org/ontology/deathPlace,http://dbpedia.org/resource/Badenweiler,1,3316.483914,0.0,0.048992,1340.0,0.000127,1.0,0.9558624835090419
"http://dbpedia.org/resource/Diana,_Princess_of_Wales",http://dbpedia.org/ontology/deathPlace,http://dbpedia.org/resource/Paris,1,27.665736,9.9e-05,0.0513,221606.0,0.000166,0.0,0.8991188287567036
http://dbpedia.org/resource/Abd_al-Rahman_I,http://dbpedia.org/ontology/deathPlace,"http://dbpedia.org/resource/Córdoba,_Spain",1,-13.685083,0.0,0.043868,1680.0,7.2e-05,0.0,0.919970599191156
http://dbpedia.org/resource/Frank_Capra,http://dbpedia.org/ontology/birthPlace,http://dbpedia.org/resource/Bisacquino,1,-15.769936,0.0,0.036751,396.0,1.1e-05,1.0,0.8973874240847777
"http://dbpedia.org/resource/Albert_VII,_Archduke_of_Austria",http://dbpedia.org/ontology/deathPlace,http://dbpedia.org/resource/Brussels,1,34.054267,0.0,0.070726,29055.0,0.00017,0.0,0.8991188287567036
http://dbpedia.org/resource/Catherine_of_Aragon,http://dbpedia.org/ontology/deathPlace,http://dbpedia.org/resource/Huntingdonshire,1,-14.609771,0.0,0.034582,885.0,6.1e-05,0.0,0.919970599191156
http://dbpedia.org/resource/C._S._Forester,http://dbpedia.org/ontology/deathPlace,"http://dbpedia.org/resource/Fullerton,_California",1,4267.627345,0.0,0.031849,5790.0,4.8e-05,1.0,0.9558624835090419
http://dbpedia.org/resource/John_von_Neumann,http://dbpedia.org/ontology/deathPlace,"http://dbpedia.org/resource/Washington,_D.C.",1,1738.451826,0.000242,0.069992,1203684.0,5.5e-05,1.0,0.9558624835090419
"http://dbpedia.org/resource/Christina,_Queen_of_Sweden",http://dbpedia.org/ontology/deathPlace,http://dbpedia.org/resource/Rome,1,-9.193523,0.0,0.039981,37818.0,2.3e-05,0.0,0.919970599191156
http://dbpedia.org/resource/James_Clavell,http://dbpedia.org/ontology/birthPlace,http://dbpedia.org/resource/Sydney,1,8.418581,0.0,0.051408,126960.0,1.2e-05,1.0,0.8765338274439928
http://dbpedia.org/resource/Henry_Moseley,http://dbpedia.org/ontology/deathPlace,http://dbpedia.org/resource/Gelibolu,1,151.553694,0.0,0.038365,360.0,5.9e-05,1.0,0.9558624835090419
http://dbpedia.org/resource/George_Frideric_Handel,http://dbpedia.org/ontology/deathPlace,http://dbpedia.org/resource/London,1,2451.406212,8.8e-05,0.068808,410598.0,0.000176,1.0,0.9558624835090419
http://dbpedia.org/resource/Gregory_Bateson,http://dbpedia.org/ontology/deathPlace,http://dbpedia.org/resource/San_Francisco,1,449.433678,0.000185,0.071441,267500.0,9.7e-05,0.0,0.8991188287567036
http://dbpedia.org/resource/Fay_Wray,http://dbpedia.org/ontology/deathPlace,http://dbpedia.org/resource/New_York_City,1,1091.203013,4.2e-05,0.074585,1416767.0,4.8e-05,0.0,0.8991188287567036
http://dbpedia.org/resource/Alfred_Hitchcock,http://dbpedia.org/ontology/deathPlace,"http://dbpedia.org/resource/Bel_Air,_Los_Angeles",1,7095.931011,0.015748,0.071472,3458.0,0.000164,1.0,0.9558624835090419
http://dbpedia.org/resource/Frank_Capra,http://dbpedia.org/ontology/deathPlace,"http://dbpedia.org/resource/La_Quinta,_California",1,26.398006,0.0,0.046122,1716.0,9e-05,0.0,0.8991188287567036
http://dbpedia.org/resource/Eduard_von_Böhm-Ermolli,http://dbpedia.org/ontology/deathPlace,http://dbpedia.org/resource/Opava,1,-14.400721,0.0,0.033388,1023.0,5.6e-05,0.0,0.919970599191156
http://dbpedia.org/resource/James_Clavell,http://dbpedia.org/ontology/deathPlace,http://dbpedia.org/resource/Vevey,1,8409.247979,0.0,0.045192,1748.0,0.000132,1.0,0.9558624835090419
http://dbpedia.org/resource/Hawley_Harvey_Crippen,http://dbpedia.org/ontology/birthPlace,"http://dbpedia.org/resource/Coldwater,_Michigan",1,2570.689749,0.0,0.020252,396.0,0.000132,1.0,0.8765338274439928
http://dbpedia.org/resource/John_A._Macdonald,http://dbpedia.org/ontology/birthPlace,http://dbpedia.org/resource/Glasgow,1,3846.392276,0.000433,0.057859,305118.0,4.3e-05,1.0,0.8765338274439928
http://dbpedia.org/resource/Bernardo_O'Higgins,http://dbpedia.org/ontology/birthPlace,http://dbpedia.org/resource/Chillán,1,252.852652,0.015873,0.139506,903.0,0.00141,1.0,0.8765338274439928
http://dbpedia.org/resource/Alexander_Kerensky,http://dbpedia.org/ontology/deathPlace,http://dbpedia.org/resource/New_York_City,1,2419.615756,8.3e-05,0.069474,792429.0,4.9e-05,1.0,0.9558624835090419
http://dbpedia.org/resource/Eugene_Wigner,http://dbpedia.org/ontology/birthPlace,http://dbpedia.org/resource/Budapest,1,4107.356831,0.001206,0.091269,70261.0,0.000476,0.0,0.8616277466595959
http://dbpedia.org/resource/Jean-Jacques_Rousseau,http://dbpedia.org/ontology/deathPlace,http://dbpedia.org/resource/Ermenonville,1,7177.457578,0.0,0.025772,396.0,0.000559,1.0,0.9558624835090419
http://dbpedia.org/resource/Adelaide_of_Italy,http://dbpedia.org/ontology/deathPlace,http://dbpedia.org/resource/Alsace,1,4652.011751,0.0,0.059566,2580.0,0.000245,1.0,0.9558624835090419
http://dbpedia.org/resource/Emma_Goldman,http://dbpedia.org/ontology/birthPlace,http://dbpedia.org/resource/Kaunas,1,5237.361897,0.00431,0.058225,14688.0,0.000126,1.0,0.8765338274439928
http://dbpedia.org/resource/Alfred_Hitchcock,http://dbpedia.org/ontology/birthPlace,http://dbpedia.org/resource/London,1,3006.419576,0.000131,0.098428,2075801.0,7.8e-05,1.0,0.8765338274439928
http://dbpedia.org/resource/Joe_Strummer,http://dbpedia.org/ontology/deathPlace,"http://dbpedia.org/resource/Broomfield,_Somerset",1,11619.950091,0.0,0.023438,804.0,0.000216,1.0,0.9558624835090419
http://dbpedia.org/resource/F._F._E._Yeo-Thomas,http://dbpedia.org/ontology/birthPlace,http://dbpedia.org/resource/London,1,779.453742,0.0,0.043265,182488.0,5.6e-05,1.0,0.8765338274439928
"http://dbpedia.org/resource/Christina,_Queen_of_Sweden",http://dbpedia.org/ontology/birthPlace,http://dbpedia.org/resource/Stockholm,1,32.004599,0.0,0.041565,25890.0,0.000781,1.0,0.8765338274439928
http://dbpedia.org/resource/Aaliyah,http://dbpedia.org/ontology/birthPlace,http://dbpedia.org/resource/Brooklyn,1,2194.942356,0.00032,0.063984,341165.0,0.000149,1.0,0.8765338274439928
"http://dbpedia.org/resource/Diana,_Princess_of_Wales",http://dbpedia.org/ontology/birthPlace,"http://dbpedia.org/resource/Sandringham,_Norfolk",1,451.639573,0.0,0.066229,110.0,0.000883,1.0,0.8765338274439928
http://dbpedia.org/resource/Joseph_Conrad,http://dbpedia.org/ontology/deathPlace,http://dbpedia.org/resource/Bishopsbourne,1,4530.157762,0.025,0.040681,238.0,0.001221,1.0,0.9558624835090419
http://dbpedia.org/resource/Amerigo_Vespucci,http://dbpedia.org/ontology/deathPlace,http://dbpedia.org/resource/Seville,1,4936.979039,0.0,0.052491,6780.0,0.000117,1.0,0.9558624835090419
http://dbpedia.org/resource/John_Stuart_Mill,http://dbpedia.org/ontology/birthPlace,http://dbpedia.org/resource/London_Borough_of_Islington,1,257.403716,0.006623,0.032715,5740.0,0.000112,0.0,0.8616277466595959
http://dbpedia.org/resource/Henry_I_of_England,http://dbpedia.org/ontology/birthPlace,http://dbpedia.org/resource/Selby,1,14.894967,0.0,0.027168,1298.0,0.000194,1.0,0.8765338274439928
http://dbpedia.org/resource/Benoit_Mandelbrot,http://dbpedia.org/ontology/deathPlace,"http://dbpedia.org/resource/Cambridge,_Massachusetts",1,286.631809,0.0,0.058328,15924.0,4.9e-05,0.0,0.8991188287567036
"http://dbpedia.org/resource/Francis_II,_Holy_Roman_Emperor",http://dbpedia.org/ontology/deathPlace,http://dbpedia.org/resource/Vienna,1,577.917543,0.000513,0.084214,127743.0,0.000205,0.0,0.8991188287567036
http://dbpedia.org/resource/Amerigo_Vespucci,http://dbpedia.org/ontology/birthPlace,http://dbpedia.org/resource/Florence,1,9983.620543,0.001671,0.066133,11890.0,0.00028,1.0,0.8765338274439928
http://dbpedia.org/resource/Bernardo_O'Higgins,http://dbpedia.org/ontology/deathPlace,http://dbpedia.org/resource/Lima,1,423.900918,0.001187,0.115991,34986.0,0.000641,0.0,0.8991188287567036
http://dbpedia.org/resource/Abbas_II_of_Egypt,http://dbpedia.org/ontology/deathPlace,http://dbpedia.org/resource/Geneva,1,27.565085,0.0,0.033972,9153.0,1e-05,0.0,0.8991188287567036
http://dbpedia.org/resource/Catherine_of_Aragon,http://dbpedia.org/ontology/birthPlace,http://dbpedia.org/resource/Alcalá_de_Henares,1,-15.927615,0.0,0.021212,355.0,4.6e-05,1.0,0.8973874240847777
http://dbpedia.org/resource/John_Stuart_Mill,http://dbpedia.org/ontology/deathPlace,http://dbpedia.org/resource/Avignon,1,5007.339765,0.003597,0.0878,16154.0,0.00013,1.0,0.9558624835090419
http://dbpedia.org/resource/Douglas_Adams,http://dbpedia.org/ontology/birthPlace,http://dbpedia.org/resource/Cambridge,1,3972.383688,0.000833,0.046231,57550.0,9.4e-05,1.0,0.8765338274439928
http://dbpedia.org/resource/John_Peel,http://dbpedia.org/ontology/deathPlace,http://dbpedia.org/resource/Cusco,1,3248.942372,0.0,0.019028,1313.0,0.000145,1.0,0.9558624835090419
http://dbpedia.org/resource/Joris_Ivens,http://dbpedia.org/ontology/deathPlace,http://dbpedia.org/resource/Paris,1,7181.379535,9.9e-05,0.070291,251825.0,0.000134,1.0,0.9558624835090419
http://dbpedia.org/resource/John_Peel,http://dbpedia.org/ontology/birthPlace,http://dbpedia.org/resource/Heswall,1,1041.634436,0.0,0.028548,260.0,0.000224,1.0,0.8765338274439928
http://dbpedia.org/resource/Alfonso_IV_of_Aragon,http://dbpedia.org/ontology/deathPlace,http://dbpedia.org/resource/Barcelona,1,215.889082,0.0,0.041687,27450.0,4.3e-05,0.0,0.8991188287567036
http://dbpedia.org/resource/Ernst_Mayr,http://dbpedia.org/ontology/deathPlace,"http://dbpedia.org/resource/Bedford,_Massachusetts",1,1836.033052,0.0,0.027198,931.0,7.2e-05,1.0,0.9558624835090419
http://dbpedia.org/resource/Cornelius_Johnson_(artist),http://dbpedia.org/ontology/birthPlace,http://dbpedia.org/resource/London,1,2628.549421,4.4e-05,0.038074,114055.0,7.1e-05,1.0,0.8765338274439928
http://dbpedia.org/resource/Fay_Wray,http://dbpedia.org/ontology/birthPlace,http://dbpedia.org/resource/Alberta,1,-6.083438,0.0,0.029597,328689.0,1e-05,1.0,0.8973874240847777
http://dbpedia.org/resource/Austen_Henry_Layard,http://dbpedia.org/ontology/birthPlace,http://dbpedia.org/resource/Paris,1,1172.874349,9.9e-05,0.045956,151095.0,4.9e-05,0.0,0.8616277466595959
http://dbpedia.org/resource/Frédéric_Bastiat,http://dbpedia.org/ontology/birthPlace,http://dbpedia.org/resource/Bayonne,1,4868.40778,0.005952,0.035429,2850.0,0.000361,1.0,0.8765338274439928
http://dbpedia.org/resource/André_Weil,http://dbpedia.org/ontology/birthPlace,http://dbpedia.org/resource/Paris,1,21636.490938,0.000396,0.057683,201460.0,0.000335,1.0,0.8765338274439928
http://dbpedia.org/resource/Joseph_Conrad,http://dbpedia.org/ontology/birthPlace,http://dbpedia.org/resource/Berdychiv,1,5309.848388,0.0,0.033604,1530.0,8.1e-05,1.0,0.8765338274439928
http://dbpedia.org/resource/George_Frideric_Handel,http://dbpedia.org/ontology/birthPlace,http://dbpedia.org/resource/Halle_(Saale),1,4387.059045,0.011765,0.154003,4320.0,0.000935,1.0,0.8765338274439928
http://dbpedia.org/resource/Ivan_Bunin,http://dbpedia.org/ontology/birthPlace,http://dbpedia.org/resource/Voronezh,1,5141.861749,0.0,0.040791,4360.0,0.000646,1.0,0.8765338274439928
http://dbpedia.org/resource/Jean-Jacques_Rousseau,http://dbpedia.org/ontology/birthPlace,http://dbpedia.org/resource/Geneva,1,6806.472157,0.000871,0.0883,134244.0,5.6e-05,1.0,0.8765338274439928
http://dbpedia.org/resource/Carlo_Goldoni,http://dbpedia.org/ontology/birthPlace,http://dbpedia.org/resource/Venice,1,8051.248613,0.003601,0.106536,11508.0,0.001617,1.0,0.8765338274439928
http://dbpedia.org/resource/Joe_Strummer,http://dbpedia.org/ontology/birthPlace,http://dbpedia.org/resource/Ankara,1,3700.90718,0.0,0.031353,73097.0,2.1e-05,1.0,0.8765338274439928
http://dbpedia.org/resource/Carlo_Goldoni,http://dbpedia.org/ontology/deathPlace,http://dbpedia.org/resource/Paris,1,3298.956521,9.9e-05,0.052571,141022.0,0.000104,1.0,0.9558624835090419
http://dbpedia.org/resource/Ambrose,http://dbpedia.org/ontology/birthPlace,http://dbpedia.org/resource/Trier,1,4332.14243,0.0,0.040201,3429.0,9.8e-05,1.0,0.8765338274439928
http://dbpedia.org/resource/Alfonso_IV_of_Aragon,http://dbpedia.org/ontology/birthPlace,http://dbpedia.org/resource/Naples,1,-10.431265,0.0,0.040691,16030.0,0.000247,1.0,0.8973874240847777
http://dbpedia.org/resource/André_Weil,http://dbpedia.org/ontology/deathPlace,"http://dbpedia.org/resource/Princeton,_New_Jersey",1,5512.955874,0.0,0.053076,10520.0,7.5e-05,1.0,0.9558624835090419
http://dbpedia.org/resource/Emma_Goldman,http://dbpedia.org/ontology/deathPlace,http://dbpedia.org/resource/Kaunas,0,5237.361897,0.00431,0.177504,14688.0,0.000192,0.0,0.8991188287567036
http://dbpedia.org/resource/John_A._Roebling,http://dbpedia.org/ontology/deathPlace,http://dbpedia.org/resource/Mühlhausen,0,1331.087317,0.0,0.239683,306.0,0.000139,0.0,0.8991188287567036
http://dbpedia.org/resource/James_Clavell,http://dbpedia.org/ontology/deathPlace,http://dbpedia.org/resource/Sydney,0,8.418581,0.0,0.045928,126960.0,1.1e-05,0.0,0.8991188287567036
http://dbpedia.org/resource/Ambrose,http://dbpedia.org/ontology/birthPlace,http://dbpedia.org/resource/Milan,0,4610.017273,0.000354,0.18937,75654.0,0.001608,0.0,0.8616277466595959
http://dbpedia.org/resource/Frank_Capra,http://dbpedia.org/ontology/deathPlace,http://dbpedia.org/resource/Bisacquino,0,-15.769936,0.0,0.033502,396.0,1.5e-05,0.0,0.919970599191156
http://dbpedia.org/resource/Alexander_Kerensky,http://dbpedia.org/ontology/deathPlace,http://dbpedia.org/resource/Ulyanovsk,0,4058.587262,0.008264,0.251584,2937.0,0.00026,0.0,0.8991188287567036
http://dbpedia.org/resource/Arthur_de_Gobineau,http://dbpedia.org/ontology/deathPlace,http://dbpedia.org/resource/Ville-d'Avray,0,880.87786,0.0,0.275296,260.0,0.000985,0.0,0.8991188287567036
http://dbpedia.org/resource/Eugene_Wigner,http://dbpedia.org/ontology/deathPlace,http://dbpedia.org/resource/Budapest,0,4107.356831,0.001206,0.168194,70261.0,0.000556,1.0,0.9558624835090419
http://dbpedia.org/resource/George_Frideric_Handel,http://dbpedia.org/ontology/deathPlace,http://dbpedia.org/resource/Halle_(Saale),0,4387.059045,0.011765,0.255925,4320.0,0.001299,0.0,0.8991188287567036
http://dbpedia.org/resource/Douglas_Adams,http://dbpedia.org/ontology/birthPlace,"http://dbpedia.org/resource/Santa_Barbara,_California",0,453.318062,0.0,0.052067,37250.0,2.8e-05,0.0,0.8616277466595959
http://dbpedia.org/resource/Catherine_of_Aragon,http://dbpedia.org/ontology/birthPlace,http://dbpedia.org/resource/Huntingdonshire,0,-14.609771,0.0,0.034712,885.0,6.3e-05,1.0,0.8973874240847777
http://dbpedia.org/resource/Alfonso_IV_of_Aragon,http://dbpedia.org/ontology/birthPlace,http://dbpedia.org/resource/Barcelona,0,215.889082,0.0,0.038938,27450.0,5.9e-05,1.0,0.8765338274439928
http://dbpedia.org/resource/Douglas_Adams,http://dbpedia.org/ontology/deathPlace,http://dbpedia.org/resource/Cambridge,0,3972.383688,0.000833,0.147369,57550.0,6.3e-05,0.0,0.8991188287567036
http://dbpedia.org/resource/Joseph_Conrad,http://dbpedia.org/ontology/birthPlace,http://dbpedia.org/resource/Bishopsbourne,0,4530.157762,0.025,0.336809,238.0,0.001107,0.0,0.8616277466595959
http://dbpedia.org/resource/Alfonso_IV_of_Aragon,http://dbpedia.org/ontology/deathPlace,http://dbpedia.org/resource/Naples,0,-10.431265,0.0,0.037345,16030.0,0.000211,0.0,0.919970599191156
http://dbpedia.org/resource/Arthur_de_Gobineau,http://dbpedia.org/ontology/birthPlace,http://dbpedia.org/resource/Turin,0,4256.723654,0.001561,0.139635,16510.0,0.000157,0.0,0.8616277466595959
"http://dbpedia.org/resource/Albert_VII,_Archduke_of_Austria",http://dbpedia.org/ontology/deathPlace,http://dbpedia.org/resource/Wiener_Neustadt,0,-14.538223,0.0,0.044525,930.0,3.4e-05,0.0,0.919970599191156
http://dbpedia.org/resource/Joseph_Conrad,http://dbpedia.org/ontology/deathPlace,http://dbpedia.org/resource/Berdychiv,0,5309.848388,0.0,0.215909,1530.0,7e-05,0.0,0.8991188287567036
http://dbpedia.org/resource/Catherine_of_Aragon,http://dbpedia.org/ontology/deathPlace,http://dbpedia.org/resource/Alcalá_de_Henares,0,-15.927615,0.0,0.022629,355.0,4.2e-05,0.0,0.919970599191156
http://dbpedia.org/resource/Joris_Ivens,http://dbpedia.org/ontology/deathPlace,http://dbpedia.org/resource/Nijmegen,0,48075.214562,0.003906,0.165816,5800.0,0.000186,0.0,0.8991188287567036
http://dbpedia.org/resource/Gregory_Bateson,http://dbpedia.org/ontology/deathPlace,http://dbpedia.org/resource/Grantchester,0,2914.342512,0.0,0.282076,650.0,0.000198,0.0,0.8991188287567036
http://dbpedia.org/resource/James_Wilkinson,http://dbpedia.org/ontology/birthPlace,http://dbpedia.org/resource/Mexico_City,0,3684.491273,0.000673,0.231094,124180.0,0.000117,0.0,0.8616277466595959
http://dbpedia.org/resource/Ivan_Bunin,http://dbpedia.org/ontology/deathPlace,http://dbpedia.org/resource/Voronezh,0,5141.861749,0.0,0.17247,4360.0,0.000674,0.0,0.8991188287567036
http://dbpedia.org/resource/J._R._R._Tolkien,http://dbpedia.org/ontology/deathPlace,http://dbpedia.org/resource/Bloemfontein,0,8441.21223,0.002342,0.174248,39867.0,5.4e-05,0.0,0.8991188287567036
http://dbpedia.org/resource/Gregory_Bateson,http://dbpedia.org/ontology/birthPlace,http://dbpedia.org/resource/San_Francisco,0,449.433678,0.000185,0.072029,267500.0,9.2e-05,1.0,0.8765338274439928
http://dbpedia.org/resource/Jean-Jacques_Rousseau,http://dbpedia.org/ontology/birthPlace,http://dbpedia.org/resource/Ermenonville,0,7177.457578,0.0,0.447949,396.0,0.000703,0.0,0.8616277466595959
http://dbpedia.org/resource/Alfred_Hitchcock,http://dbpedia.org/ontology/birthPlace,"http://dbpedia.org/resource/Bel_Air,_Los_Angeles",0,7095.931011,0.015748,0.253382,3458.0,0.000162,0.0,0.8616277466595959
http://dbpedia.org/resource/F._F._E._Yeo-Thomas,http://dbpedia.org/ontology/deathPlace,http://dbpedia.org/resource/London,0,779.453742,0.0,0.041803,182488.0,3.6e-05,0.0,0.8991188287567036
http://dbpedia.org/resource/Ernst_Mayr,http://dbpedia.org/ontology/deathPlace,http://dbpedia.org/resource/Kempten,0,1568.478536,0.0,0.212503,817.0,9.7e-05,0.0,0.8991188287567036
http://dbpedia.org/resource/Frank_Capra,http://dbpedia.org/ontology/birthPlace,"http://dbpedia.org/resource/La_Quinta,_California",0,26.398006,0.0,0.043974,1716.0,8.2e-05,1.0,0.8765338274439928
http://dbpedia.org/resource/Ivan_Bunin,http://dbpedia.org/ontology/birthPlace,http://dbpedia.org/resource/Paris,0,3322.896622,0.000198,0.127152,201460.0,0.000397,0.0,0.8616277466595959
http://dbpedia.org/resource/Carlo_Goldoni,http://dbpedia.org/ontology/deathPlace,http://dbpedia.org/resource/Venice,0,8051.248613,0.003601,0.207211,11508.0,0.001458,0.0,0.8991188287567036
http://dbpedia.org/resource/Anton_Chekhov,http://dbpedia.org/ontology/birthPlace,http://dbpedia.org/resource/Badenweiler,0,3316.483914,0.0,0.311087,1340.0,0.000143,0.0,0.8616277466595959
http://dbpedia.org/resource/Austen_Henry_Layard,http://dbpedia.org/ontology/deathPlace,http://dbpedia.org/resource/Paris,0,1172.874349,9.9e-05,0.046361,151095.0,6.1e-05,1.0,0.9558624835090419
http://dbpedia.org/resource/John_A._Macdonald,http://dbpedia.org/ontology/birthPlace,http://dbpedia.org/resource/Ottawa,0,4381.721602,0.001453,0.200699,180230.0,0.000433,0.0,0.8616277466595959
http://dbpedia.org/resource/Joe_Strummer,http://dbpedia.org/ontology/deathPlace,http://dbpedia.org/resource/Ankara,0,3700.90718,0.0,0.142522,73097.0,2.6e-05,0.0,0.8991188287567036
"http://dbpedia.org/resource/Albert_VII,_Archduke_of_Austria",http://dbpedia.org/ontology/birthPlace,http://dbpedia.org/resource/Brussels,0,34.054267,0.0,0.068605,29055.0,0.000135,1.0,0.8765338274439928
http://dbpedia.org/resource/Anton_Chekhov,http://dbpedia.org/ontology/deathPlace,http://dbpedia.org/resource/Taganrog,0,4067.554178,0.009494,0.312946,24790.0,0.000977,0.0,0.8991188287567036
http://dbpedia.org/resource/Benoit_Mandelbrot,http://dbpedia.org/ontology/deathPlace,http://dbpedia.org/resource/Warsaw,0,245.737563,0.0,0.04571,37044.0,4.4e-05,0.0,0.8991188287567036
http://dbpedia.org/resource/George_Frideric_Handel,http://dbpedia.org/ontology/birthPlace,http://dbpedia.org/resource/London,0,2451.406212,8.8e-05,0.132589,410598.0,0.000138,0.0,0.8616277466595959
http://dbpedia.org/resource/Adelaide_of_Italy,http://dbpedia.org/ontology/deathPlace,http://dbpedia.org/resource/Orbe,0,872.429811,0.0,0.235254,330.0,0.00055,0.0,0.8991188287567036
http://dbpedia.org/resource/James_Wilkinson,http://dbpedia.org/ontology/deathPlace,"http://dbpedia.org/resource/Benedict,_Maryland",0,65.662996,0.032258,0.056688,112.0,0.001676,0.0,0.8991188287567036
http://dbpedia.org/resource/Aaliyah,http://dbpedia.org/ontology/deathPlace,http://dbpedia.org/resource/Brooklyn,0,2194.942356,0.00032,0.057909,341165.0,0.000128,0.0,0.8991188287567036
http://dbpedia.org/resource/Hawley_Harvey_Crippen,http://dbpedia.org/ontology/birthPlace,http://dbpedia.org/resource/London,0,2658.249021,8.8e-05,0.135466,136866.0,0.000397,0.0,0.8616277466595959
http://dbpedia.org/resource/Abbas_II_of_Egypt,http://dbpedia.org/ontology/birthPlace,http://dbpedia.org/resource/Geneva,0,27.565085,0.0,0.031814,9153.0,9e-06,1.0,0.8765338274439928
http://dbpedia.org/resource/Joris_Ivens,http://dbpedia.org/ontology/birthPlace,http://dbpedia.org/resource/Paris,0,7181.379535,9.9e-05,0.1422,251825.0,0.000132,0.0,0.8616277466595959
http://dbpedia.org/resource/John_A._Roebling,http://dbpedia.org/ontology/birthPlace,http://dbpedia.org/resource/New_York_City,0,2522.56036,8.3e-05,0.126311,216117.0,0.000402,0.0,0.8616277466595959
http://dbpedia.org/resource/John_Stuart_Mill,http://dbpedia.org/ontology/deathPlace,http://dbpedia.org/resource/London_Borough_of_Islington,0,257.403716,0.006623,0.031423,5740.0,0.000132,1.0,0.9558624835090419
http://dbpedia.org/resource/Jean-Jacques_Rousseau,http://dbpedia.org/ontology/deathPlace,http://dbpedia.org/resource/Geneva,0,6806.472157,0.000871,0.166039,134244.0,6.7e-05,0.0,0.8991188287567036
http://dbpedia.org/resource/Cornelius_Johnson_(artist),http://dbpedia.org/ontology/deathPlace,http://dbpedia.org/resource/London,0,2628.549421,4.4e-05,0.03342,114055.0,0.000118,0.0,0.8991188287567036
"http://dbpedia.org/resource/Francis_II,_Holy_Roman_Emperor",http://dbpedia.org/ontology/birthPlace,http://dbpedia.org/resource/Vienna,0,577.917543,0.000513,0.076222,127743.0,0.000136,1.0,0.8765338274439928
http://dbpedia.org/resource/Fay_Wray,http://dbpedia.org/ontology/deathPlace,http://dbpedia.org/resource/Alberta,0,-6.083438,0.0,0.034875,328689.0,1.1e-05,0.0,0.919970599191156
http://dbpedia.org/resource/Eduard_von_Böhm-Ermolli,http://dbpedia.org/ontology/birthPlace,http://dbpedia.org/resource/Opava,0,-14.400721,0.0,0.034124,1023.0,4.4e-05,1.0,0.8973874240847777
http://dbpedia.org/resource/Abd_al-Rahman_I,http://dbpedia.org/ontology/birthPlace,"http://dbpedia.org/resource/Córdoba,_Spain",0,-13.685083,0.0,0.042981,1680.0,6.3e-05,1.0,0.8973874240847777
http://dbpedia.org/resource/Fay_Wray,http://dbpedia.org/ontology/birthPlace,http://dbpedia.org/resource/New_York_City,0,1091.203013,4.2e-05,0.080171,1416767.0,4.7e-05,1.0,0.8765338274439928
http://dbpedia.org/resource/John_von_Neumann,http://dbpedia.org/ontology/birthPlace,"http://dbpedia.org/resource/Washington,_D.C.",0,1738.451826,0.000242,0.150672,1203684.0,4.6e-05,0.0,0.8616277466595959
http://dbpedia.org/resource/Amerigo_Vespucci,http://dbpedia.org/ontology/birthPlace,http://dbpedia.org/resource/Seville,0,4936.979039,0.0,0.161779,6780.0,0.000147,0.0,0.8616277466595959
http://dbpedia.org/resource/Henry_Moseley,http://dbpedia.org/ontology/birthPlace,http://dbpedia.org/resource/Gelibolu,0,151.553694,0.0,0.035067,360.0,7.6e-05,0.0,0.8616277466595959
http://dbpedia.org/resource/F._F._E._Yeo-Thomas,http://dbpedia.org/ontology/birthPlace,http://dbpedia.org/resource/Paris,0,3289.969428,0.0,0.03561,80584.0,5.2e-05,1.0,0.8765338274439928
http://dbpedia.org/resource/Henry_Moseley,http://dbpedia.org/ontology/deathPlace,"http://dbpedia.org/resource/Weymouth,_Dorset",0,4694.308851,0.008264,0.200856,1605.0,0.000213,0.0,0.8991188287567036
http://dbpedia.org/resource/Abd_al-Rahman_I,http://dbpedia.org/ontology/deathPlace,http://dbpedia.org/resource/Damascus,0,-12.01276,0.0,0.053687,5355.0,3.4e-05,0.0,0.919970599191156
http://dbpedia.org/resource/C._S._Forester,http://dbpedia.org/ontology/deathPlace,http://dbpedia.org/resource/Cairo,0,4181.19376,0.001075,0.143875,54990.0,0.000197,1.0,0.9558624835090419
http://dbpedia.org/resource/Hawley_Harvey_Crippen,http://dbpedia.org/ontology/deathPlace,"http://dbpedia.org/resource/Coldwater,_Michigan",0,2570.689749,0.0,0.187611,396.0,0.000137,0.0,0.8991188287567036
http://dbpedia.org/resource/John_Peel,http://dbpedia.org/ontology/birthPlace,http://dbpedia.org/resource/Cusco,0,3248.942372,0.0,0.176005,1313.0,0.000131,0.0,0.8616277466595959
"http://dbpedia.org/resource/Christina,_Queen_of_Sweden",http://dbpedia.org/ontology/birthPlace,http://dbpedia.org/resource/Rome,0,-9.193523,0.0,0.036437,37818.0,1.9e-05,1.0,0.8973874240847777
http://dbpedia.org/resource/John_Peel,http://dbpedia.org/ontology/deathPlace,http://dbpedia.org/resource/Heswall,0,1041.634436,0.0,0.243921,260.0,0.000229,0.0,0.8991188287567036
http://dbpedia.org/resource/André_Weil,http://dbpedia.org/ontology/birthPlace,"http://dbpedia.org/resource/Princeton,_New_Jersey",0,5512.955874,0.0,0.162808,10520.0,8.3e-05,0.0,0.8616277466595959
http://dbpedia.org/resource/John_von_Neumann,http://dbpedia.org/ontology/deathPlace,http://dbpedia.org/resource/Budapest,0,4162.407144,0.001872,0.188082,611684.0,0.000134,0.0,0.8991188287567036
http://dbpedia.org/resource/Eugene_Wigner,http://dbpedia.org/ontology/birthPlace,"http://dbpedia.org/resource/Princeton,_New_Jersey",0,4175.967395,0.0,0.18221,8942.0,0.000143,0.0,0.8616277466595959
http://dbpedia.org/resource/Emma_Goldman,http://dbpedia.org/ontology/birthPlace,http://dbpedia.org/resource/Toronto,0,7992.352738,0.000113,0.116027,298486.0,5.9e-05,0.0,0.8616277466595959
http://dbpedia.org/resource/Augustus_II_the_Strong,http://dbpedia.org/ontology/deathPlace,http://dbpedia.org/resource/Dresden,0,294.820211,0.0,0.096133,15290.0,7.9e-05,0.0,0.8991188287567036
http://dbpedia.org/resource/Frédéric_Bastiat,http://dbpedia.org/ontology/birthPlace,http://dbpedia.org/resource/Rome,0,9741.325251,0.000316,0.127503,119757.0,0.000111,0.0,0.8616277466595959
"http://dbpedia.org/resource/Francis_II,_Holy_Roman_Emperor",http://dbpedia.org/ontology/deathPlace,http://dbpedia.org/resource/Florence,0,75.799053,0.0,0.051986,39237.0,3.6e-05,0.0,0.8991188287567036
http://dbpedia.org/resource/Eduard_von_Böhm-Ermolli,http://dbpedia.org/ontology/deathPlace,http://dbpedia.org/resource/Ancona,0,31.811331,0.0,0.029753,1573.0,2.8e-05,0.0,0.8991188287567036
http://dbpedia.org/resource/Austen_Henry_Layard,http://dbpedia.org/ontology/birthPlace,http://dbpedia.org/resource/London,0,4371.901115,0.000131,0.075522,342165.0,0.000378,1.0,0.8765338274439928
http://dbpedia.org/resource/Joe_Strummer,http://dbpedia.org/ontology/birthPlace,"http://dbpedia.org/resource/Broomfield,_Somerset",0,11619.950091,0.0,0.276488,804.0,0.000204,0.0,0.8616277466595959
"http://dbpedia.org/resource/Christina,_Queen_of_Sweden",http://dbpedia.org/ontology/deathPlace,http://dbpedia.org/resource/Stockholm,0,32.004599,0.0,0.040881,25890.0,0.000961,0.0,0.8991188287567036
http://dbpedia.org/resource/Irenaeus,http://dbpedia.org/ontology/birthPlace,http://dbpedia.org/resource/Lyon,0,4319.640951,0.001873,0.09112,12696.0,0.000957,1.0,0.8765338274439928
http://dbpedia.org/resource/Cornelius_Johnson_(artist),http://dbpedia.org/ontology/birthPlace,http://dbpedia.org/resource/Utrecht,0,4202.850869,0.001623,0.154668,3060.0,0.000337,1.0,0.8765338274439928
http://dbpedia.org/resource/Alfred_Hitchcock,http://dbpedia.org/ontology/deathPlace,http://dbpedia.org/resource/London,0,3006.419576,0.000131,0.098321,2075801.0,0.000118,0.0,0.8991188287567036
http://dbpedia.org/resource/Adelaide_of_Italy,http://dbpedia.org/ontology/birthPlace,http://dbpedia.org/resource/Alsace,0,4652.011751,0.0,0.201923,2580.0,0.000201,0.0,0.8616277466595959
http://dbpedia.org/resource/Frédéric_Bastiat,http://dbpedia.org/ontology/deathPlace,http://dbpedia.org/resource/Bayonne,0,4868.40778,0.005952,0.181799,2850.0,0.000398,0.0,0.8991188287567036
http://dbpedia.org/resource/John_Stuart_Mill,http://dbpedia.org/ontology/birthPlace,http://dbpedia.org/resource/Avignon,0,5007.339765,0.003597,0.220527,16154.0,0.000228,0.0,0.8616277466595959
http://dbpedia.org/resource/Carlo_Goldoni,http://dbpedia.org/ontology/birthPlace,http://dbpedia.org/resource/Paris,0,3298.956521,9.9e-05,0.126575,141022.0,9.7e-05,0.0,0.8616277466595959
http://dbpedia.org/resource/Benoit_Mandelbrot,http://dbpedia.org/ontology/birthPlace,"http://dbpedia.org/resource/Cambridge,_Massachusetts",0,286.631809,0.0,0.05269,15924.0,5.9e-05,1.0,0.8765338274439928
http://dbpedia.org/resource/Aaliyah,http://dbpedia.org/ontology/birthPlace,http://dbpedia.org/resource/Marsh_Harbour,0,7915.943901,0.032258,0.36699,495.0,0.001291,0.0,0.8616277466595959
http://dbpedia.org/resource/Henry_I_of_England,http://dbpedia.org/ontology/birthPlace,http://dbpedia.org/resource/Lyons-la-Forêt,0,-18.354889,0.0,0.036512,66.0,0.000755,1.0,0.8973874240847777
http://dbpedia.org/resource/James_Clavell,http://dbpedia.org/ontology/birthPlace,http://dbpedia.org/resource/Vevey,0,8409.247979,0.0,0.209789,1748.0,0.000134,0.0,0.8616277466595959
http://dbpedia.org/resource/Irenaeus,http://dbpedia.org/ontology/deathPlace,http://dbpedia.org/resource/İzmir,0,3550.124245,0.001799,0.052463,6540.0,0.000165,0.0,0.8991188287567036
http://dbpedia.org/resource/Ernst_Mayr,http://dbpedia.org/ontology/birthPlace,"http://dbpedia.org/resource/Bedford,_Massachusetts",0,1836.033052,0.0,0.208455,931.0,0.000101,0.0,0.8616277466595959
http://dbpedia.org/resource/J._R._R._Tolkien,http://dbpedia.org/ontology/birthPlace,http://dbpedia.org/resource/Bournemouth,0,7205.996637,0.005199,0.222119,60691.0,7.6e-05,0.0,0.8616277466595959
http://dbpedia.org/resource/Henry_I_of_England,http://dbpedia.org/ontology/deathPlace,http://dbpedia.org/resource/Selby,0,14.894967,0.0,0.027368,1298.0,0.000134,0.0,0.8991188287567036
http://dbpedia.org/resource/Bernardo_O'Higgins,http://dbpedia.org/ontology/deathPlace,http://dbpedia.org/resource/Chillán,0,252.852652,0.015873,0.129044,903.0,0.00139,0.0,0.8991188287567036
"http://dbpedia.org/resource/Diana,_Princess_of_Wales",http://dbpedia.org/ontology/birthPlace,http://dbpedia.org/resource/Paris,0,27.665736,9.9e-05,0.046397,221606.0,8.7e-05,1.0,0.8765338274439928
http://dbpedia.org/resource/Amerigo_Vespucci,http://dbpedia.org/ontology/deathPlace,http://dbpedia.org/resource/Florence,0,9983.620543,0.001671,0.163978,11890.0,0.000287,0.0,0.8991188287567036
http://dbpedia.org/resource/C._S._Forester,http://dbpedia.org/ontology/birthPlace,"http://dbpedia.org/resource/Fullerton,_California",0,4267.627345,0.0,0.166653,5790.0,9.7e-05,0.0,0.8616277466595959
http://dbpedia.org/resource/Bernardo_O'Higgins,http://dbpedia.org/ontology/birthPlace,http://dbpedia.org/resource/Lima,0,423.900918,0.001187,0.106161,34986.0,0.000624,1.0,0.8765338274439928
http://dbpedia.org/resource/John_A._Macdonald,http://dbpedia.org/ontology/deathPlace,http://dbpedia.org/resource/Glasgow,0,3846.392276,0.000433,0.13761,305118.0,6.4e-05,0.0,0.8991188287567036
http://dbpedia.org/resource/Augustus_II_the_Strong,http://dbpedia.org/ontology/birthPlace,http://dbpedia.org/resource/Warsaw,0,252.210959,0.0,0.076135,67914.0,0.000178,1.0,0.8765338274439928
http://dbpedia.org/resource/André_Weil,http://dbpedia.org/ontology/deathPlace,http://dbpedia.org/resource/Paris,0,21636.490938,0.000396,0.133767,201460.0,0.000268,0.0,0.8991188287567036
http://dbpedia.org/resource/Abbas_II_of_Egypt,http://dbpedia.org/ontology/deathPlace,http://dbpedia.org/resource/Alexandria,0,421.423598,0.0,0.049049,5688.0,0.000167,0.0,0.8991188287567036
http://dbpedia.org/resource/Alexander_Kerensky,http://dbpedia.org/ontology/birthPlace,http://dbpedia.org/resource/New_York_City,0,2419.615756,8.3e-05,0.134222,792429.0,4.6e-05,0.0,0.8616277466595959
"http://dbpedia.org/resource/Diana,_Princess_of_Wales",http://dbpedia.org/ontology/deathPlace,"http://dbpedia.org/resource/Sandringham,_Norfolk",0,451.639573,0.0,0.064295,110.0,0.000894,0.0,0.8991188287567036
