subject,predicate,object,truth,degree_product,simrank,katz,predpath,adamic_adar,ensemble_score
http://dbpedia.org/resource/Gregory_Bateson,http://dbpedia.org/ontology/birthPlace,http://dbpedia.org/resource/Grantchester,1,650.0,0.000169,0.011125,1.0,0.0,0.029238298764170056
http://dbpedia.org/resource/C._S._Forester,http://dbpedia.org/ontology/birthPlace,http://dbpedia.org/resource/Cairo,1,54990.0,0.000114,0.317625,1.0,0.348404,0.027658970483733114
http://dbpedia.org/resource/Emma_Goldman,http://dbpedia.org/ontology/deathPlace,http://dbpedia.org/resource/Toronto,1,298486.0,3.6e-05,1.332375,1.0,0.110131,0.07223317427268583
http://dbpedia.org/resource/Abd_al-Rahman_I,http://dbpedia.org/ontology/birthPlace,http://dbpedia.org/resource/Damascus,1,5355.0,3.1e-05,0.0,1.0,0.0,0.36177806226113207
http://dbpedia.org/resource/Augustus_II_the_Strong,http://dbpedia.org/ontology/deathPlace,http://dbpedia.org/resource/Warsaw,1,67914.0,0.00017,0.0015,0.0,0.0,0.26994038794953656
http://dbpedia.org/resource/Augustus_II_the_Strong,http://dbpedia.org/ontology/birthPlace,http://dbpedia.org/resource/Dresden,1,15290.0,8.5e-05,0.000875,1.0,0.0,0.017996189659099104
http://dbpedia.org/resource/Hawley_Harvey_Crippen,http://dbpedia.org/ontology/deathPlace,http://dbpedia.org/resource/London,1,136866.0,0.000377,4.3265,1.0,0.196315,0.07223317427268583
http://dbpedia.org/resource/J._R._R._Tolkien,http://dbpedia.org/ontology/deathPlace,http://dbpedia.org/resource/Bournemouth,1,60691.0,0.000139,0.098875,1.0,0.849342,0.2898388672268237
http://dbpedia.org/resource/Abbas_II_of_Egypt,http://dbpedia.org/ontology/birthPlace,http://dbpedia.org/resource/Alexandria,1,5688.0,0.000271,0.002625,1.0,0.0,0.027439152636768216
http://dbpedia.org/resource/John_von_Neumann,http://dbpedia.org/ontology/birthPlace,http://dbpedia.org/resource/Budapest,1,611684.0,0.000119,0.93,1.0,1.890915,0.05326326149942917
http://dbpedia.org/resource/Joris_Ivens,http://dbpedia.org/ontology/birthPlace,http://dbpedia.org/resource/Nijmegen,1,5800.0,0.000184,0.0755,1.0,0.105761,0.015532886176628957
http://dbpedia.org/resource/Benoit_Mandelbrot,http://dbpedia.org/ontology/birthPlace,http://dbpedia.org/resource/Warsaw,1,37044.0,7e-05,0.000875,1.0,0.0,0.1825366520391679
http://dbpedia.org/resource/J._R._R._Tolkien,http://dbpedia.org/ontology/birthPlace,http://dbpedia.org/resource/Bloemfontein,1,39867.0,4.6e-05,0.073375,1.0,0.222232,0.126933991261873
http://dbpedia.org/resource/Anton_Chekhov,http://dbpedia.org/ontology/birthPlace,http://dbpedia.org/resource/Taganrog,1,24790.0,0.001073,0.05775,1.0,1.590353,0.02728476620954079
http://dbpedia.org/resource/Aaliyah,http://dbpedia.org/ontology/deathPlace,http://dbpedia.org/resource/Marsh_Harbour,1,495.0,0.001485,0.019,1.0,0.5092,0.10706037981320726
http://dbpedia.org/resource/Ivan_Bunin,http://dbpedia.org/ontology/deathPlace,http://dbpedia.org/resource/Paris,1,201460.0,0.000502,2.66625,1.0,0.199036,0.07223317427268583
http://dbpedia.org/resource/Alexander_Kerensky,http://dbpedia.org/ontology/birthPlace,http://dbpedia.org/resource/Ulyanovsk,1,2937.0,0.000333,0.025375,1.0,0.352956,0.015532886176628957
http://dbpedia.org/resource/Ernst_Mayr,http://dbpedia.org/ontology/birthPlace,http://dbpedia.org/resource/Kempten,1,817.0,9.3e-05,0.008375,1.0,0.0,0.029238298764170056
http://dbpedia.org/resource/Austen_Henry_Layard,http://dbpedia.org/ontology/deathPlace,http://dbpedia.org/resource/London,1,342165.0,0.000478,0.06475,1.0,0.712288,0.09600632163852918
http://dbpedia.org/resource/Douglas_Adams,http://dbpedia.org/ontology/deathPlace,"http://dbpedia.org/resource/Santa_Barbara,_California",1,37250.0,2.7e-05,0.0035,1.0,0.0,0.056043126460928905
http://dbpedia.org/resource/James_Wilkinson,http://dbpedia.org/ontology/birthPlace,"http://dbpedia.org/resource/Benedict,_Maryland",1,112.0,0.00211,0.002875,1.0,0.220624,0.028329744413132518
http://dbpedia.org/resource/Arthur_de_Gobineau,http://dbpedia.org/ontology/birthPlace,http://dbpedia.org/resource/Ville-d'Avray,1,260.0,0.00106,0.004875,1.0,0.0,0.019992722036811572
"http://dbpedia.org/resource/Francis_II,_Holy_Roman_Emperor",http://dbpedia.org/ontology/birthPlace,http://dbpedia.org/resource/Florence,1,39237.0,3.3e-05,0.000375,1.0,0.0,0.46331409437482396
http://dbpedia.org/resource/John_A._Roebling,http://dbpedia.org/ontology/birthPlace,http://dbpedia.org/resource/Mühlhausen,1,306.0,0.000108,0.006,1.0,0.0,0.01576661371720356
http://dbpedia.org/resource/Cornelius_Johnson_(artist),http://dbpedia.org/ontology/deathPlace,http://dbpedia.org/resource/Utrecht,1,3060.0,0.000419,0.153,0.0,0.105761,0.9965345113564904
http://dbpedia.org/resource/John_A._Macdonald,http://dbpedia.org/ontology/deathPlace,http://dbpedia.org/resource/Ottawa,1,180230.0,0.000484,0.842,1.0,0.841355,0.07223317427268583
http://dbpedia.org/resource/John_A._Roebling,http://dbpedia.org/ontology/deathPlace,http://dbpedia.org/resource/New_York_City,1,216117.0,0.0004,3.539625,1.0,0.459818,0.07223317427268583
http://dbpedia.org/resource/James_Wilkinson,http://dbpedia.org/ontology/deathPlace,http://dbpedia.org/resource/Mexico_City,1,124180.0,0.000105,1.416125,1.0,0.700454,0.07223317427268583
http://dbpedia.org/resource/Arthur_de_Gobineau,http://dbpedia.org/ontology/deathPlace,http://dbpedia.org/resource/Turin,1,16510.0,0.000151,0.247875,1.0,0.266214,0.04774591881303436
http://dbpedia.org/resource/Frédéric_Bastiat,http://dbpedia.org/ontology/deathPlace,http://dbpedia.org/resource/Rome,1,119757.0,0.000111,1.2525,1.0,0.261189,0.07223317427268583
http://dbpedia.org/resource/Adelaide_of_Italy,http://dbpedia.org/ontology/birthPlace,http://dbpedia.org/resource/Orbe,1,330.0,0.00059,0.004625,1.0,0.0,0.01576661371720356
"http://dbpedia.org/resource/Albert_VII,_Archduke_of_Austria",http://dbpedia.org/ontology/birthPlace,http://dbpedia.org/resource/Wiener_Neustadt,1,930.0,3.2e-05,0.0,1.0,0.0,0.3448396951523848
http://dbpedia.org/resource/Irenaeus,http://dbpedia.org/ontology/birthPlace,http://dbpedia.org/resource/İzmir,1,6540.0,0.000142,0.05025,1.0,0.100354,0.015532886176628957
http://dbpedia.org/resource/Henry_Moseley,http://dbpedia.org/ontology/birthPlace,"http://dbpedia.org/resource/Weymouth,_Dorset",1,1605.0,0.000293,0.02925,1.0,0.141226,0.015532886176628957
http://dbpedia.org/resource/Eduard_von_Böhm-Ermolli,http://dbpedia.org/ontology/birthPlace,http://dbpedia.org/resource/Ancona,1,1573.0,3.5e-05,0.000375,1.0,0.0,0.10772838303551557
http://dbpedia.org/resource/Henry_I_of_England,http://dbpedia.org/ontology/deathPlace,http://dbpedia.org/resource/Lyons-la-Forêt,1,66.0,0.000767,0.0,0.0,0.0,0.01724346804184229
http://dbpedia.org/resource/Irenaeus,http://dbpedia.org/ontology/deathPlace,http://dbpedia.org/resource/Lyon,1,12696.0,0.001252,0.090875,0.0,0.648658,0.9855094862039206
http://dbpedia.org/resource/F._F._E._Yeo-Thomas,http://dbpedia.org/ontology/deathPlace,http://dbpedia.org/resource/Paris,1,80584.0,7.9e-05,0.02775,0.0,0.0,0.5809724341747188
http://dbpedia.org/resource/Eugene_Wigner,http://dbpedia.org/ontology/deathPlace,"http://dbpedia.org/resource/Princeton,_New_Jersey",1,8942.0,0.00019,0.07525,1.0,0.0,0.005964882965330709
http://dbpedia.org/resource/Anton_Chekhov,http://dbpedia.org/ontology/deathPlace,http://dbpedia.org/resource/Badenweiler,1,1340.0,0.000127,0.01875,1.0,0.0,0.015441103058113193
"http://dbpedia.org/resource/Diana,_Princess_of_Wales",http://dbpedia.org/ontology/deathPlace,http://dbpedia.org/resource/Paris,1,221606.0,0.000166,0.002625,0.0,0.352956,0.8548098331301318
http://dbpedia.org/resource/Abd_al-Rahman_I,http://dbpedia.org/ontology/deathPlace,"http://dbpedia.org/resource/Córdoba,_Spain",1,1680.0,7.2e-05,0.0,0.0,0.0,0.06835195665235072
http://dbpedia.org/resource/Frank_Capra,http://dbpedia.org/ontology/birthPlace,http://dbpedia.org/resource/Bisacquino,1,396.0,1.1e-05,0.0,1.0,0.0,0.24348595578017374
"http://dbpedia.org/resource/Albert_VII,_Archduke_of_Austria",http://dbpedia.org/ontology/deathPlace,http://dbpedia.org/resource/Brussels,1,29055.0,0.00017,0.00025,0.0,0.0,0.08939033140718333
http://dbpedia.org/resource/Catherine_of_Aragon,http://dbpedia.org/ontology/deathPlace,http://dbpedia.org/resource/Huntingdonshire,1,885.0,6.1e-05,0.0,0.0,0.0,0.03667860551674862
http://dbpedia.org/resource/C._S._Forester,http://dbpedia.org/ontology/deathPlace,"http://dbpedia.org/resource/Fullerton,_California",1,5790.0,4.8e-05,0.028875,1.0,0.0,0.005896584584665132
http://dbpedia.org/resource/John_von_Neumann,http://dbpedia.org/ontology/deathPlace,"http://dbpedia.org/resource/Washington,_D.C.",1,1203684.0,5.5e-05,1.7905,1.0,0.195641,0.12353287332414375
"http://dbpedia.org/resource/Christina,_Queen_of_Sweden",http://dbpedia.org/ontology/deathPlace,http://dbpedia.org/resource/Rome,1,37818.0,2.3e-05,0.0,0.0,0.0,0.02795510331127493
http://dbpedia.org/resource/James_Clavell,http://dbpedia.org/ontology/birthPlace,http://dbpedia.org/resource/Sydney,1,126960.0,1.2e-05,0.000125,1.0,0.0,0.4604135896298217
http://dbpedia.org/resource/Henry_Moseley,http://dbpedia.org/ontology/deathPlace,http://dbpedia.org/resource/Gelibolu,1,360.0,5.9e-05,0.000875,1.0,0.0,0.00568792424268838
http://dbpedia.org/resource/George_Frideric_Handel,http://dbpedia.org/ontology/deathPlace,http://dbpedia.org/resource/London,1,410598.0,0.000176,4.32875,1.0,0.196315,0.07223317427268583
http://dbpedia.org/resource/Gregory_Bateson,http://dbpedia.org/ontology/deathPlace,http://dbpedia.org/resource/San_Francisco,1,267500.0,9.7e-05,0.005375,0.0,0.217147,0.8514041954108154
http://dbpedia.org/resource/Fay_Wray,http://dbpedia.org/ontology/deathPlace,http://dbpedia.org/resource/New_York_City,1,1416767.0,4.8e-05,0.009875,0.0,0.276938,0.8015183281247376
http://dbpedia.org/resource/Alfred_Hitchcock,http://dbpedia.org/ontology/deathPlace,"http://dbpedia.org/resource/Bel_Air,_Los_Angeles",1,3458.0,0.000164,0.039625,1.0,0.378093,0.06269927308373435
http://dbpedia.org/resource/Frank_Capra,http://dbpedia.org/ontology/deathPlace,"http://dbpedia.org/resource/La_Quinta,_California",1,1716.0,9e-05,0.00025,0.0,0.0,0.07508794843498989
http://dbpedia.org/resource/Eduard_von_Böhm-Ermolli,http://dbpedia.org/ontology/deathPlace,http://dbpedia.org/resource/Opava,1,1023.0,5.6e-05,0.0,0.0,0.0,0.03667860551674862
http://dbpedia.org/resource/James_Clavell,http://dbpedia.org/ontology/deathPlace,http://dbpedia.org/resource/Vevey,1,1748.0,0.000132,0.019125,1.0,0.0,0.0056269267299602355
http://dbpedia.org/resource/Hawley_Harvey_Crippen,http://dbpedia.org/ontology/birthPlace,"http://dbpedia.org/resource/Coldwater,_Michigan",1,396.0,0.000132,0.010625,1.0,0.0,0.018084267773376794
http://dbpedia.org/resource/John_A._Macdonald,http://dbpedia.org/ontology/birthPlace,http://dbpedia.org/resource/Glasgow,1,305118.0,4.3e-05,0.837,1.0,0.227296,0.05326326149942917
http://dbpedia.org/resource/Bernardo_O'Higgins,http://dbpedia.org/ontology/birthPlace,http://dbpedia.org/resource/Chillán,1,903.0,0.00141,0.003875,1.0,0.558111,0.030314487244241572
http://dbpedia.org/resource/Alexander_Kerensky,http://dbpedia.org/ontology/deathPlace,http://dbpedia.org/resource/New_York_City,1,792429.0,4.9e-05,4.6455,1.0,0.199565,0.12353287332414375
http://dbpedia.org/resource/Eugene_Wigner,http://dbpedia.org/ontology/birthPlace,http://dbpedia.org/resource/Budapest,1,70261.0,0.000476,0.82925,0.0,1.061232,0.9728285980003997
http://dbpedia.org/resource/Jean-Jacques_Rousseau,http://dbpedia.org/ontology/deathPlace,http://dbpedia.org/resource/Ermenonville,1,396.0,0.000559,0.02525,1.0,0.0,0.0032102050842328644
http://dbpedia.org/resource/Adelaide_of_Italy,http://dbpedia.org/ontology/deathPlace,http://dbpedia.org/resource/Alsace,1,2580.0,0.000245,0.0265,1.0,0.0,0.005896584584665132
http://dbpedia.org/resource/Emma_Goldman,http://dbpedia.org/ontology/birthPlace,http://dbpedia.org/resource/Kaunas,1,14688.0,0.000126,0.079875,1.0,0.396404,0.015532886176628957
http://dbpedia.org/resource/Alfred_Hitchcock,http://dbpedia.org/ontology/birthPlace,http://dbpedia.org/resource/London,1,2075801.0,7.8e-05,0.062125,1.0,1.347941,0.12197998322337
http://dbpedia.org/resource/Joe_Strummer,http://dbpedia.org/ontology/deathPlace,"http://dbpedia.org/resource/Broomfield,_Somerset",1,804.0,0.000216,0.0165,1.0,0.0,0.008204542122110081
http://dbpedia.org/resource/F._F._E._Yeo-Thomas,http://dbpedia.org/ontology/birthPlace,http://dbpedia.org/resource/London,1,182488.0,5.6e-05,0.007,1.0,0.0,0.25776767803979805
"http://dbpedia.org/resource/Christina,_Queen_of_Sweden",http://dbpedia.org/ontology/birthPlace,http://dbpedia.org/resource/Stockholm,1,25890.0,0.000781,0.00025,1.0,0.0,0.11486300768841862
http://dbpedia.org/resource/Aaliyah,http://dbpedia.org/ontology/birthPlace,http://dbpedia.org/resource/Brooklyn,1,341165.0,0.000149,0.169,1.0,0.36669,0.05326326149942917
"http://dbpedia.org/resource/Diana,_Princess_of_Wales",http://dbpedia.org/ontology/birthPlace,"http://dbpedia.org/resource/Sandringham,_Norfolk",1,110.0,0.000883,0.00175,1.0,0.0,0.019992722036811572
http://dbpedia.org/resource/Joseph_Conrad,http://dbpedia.org/ontology/deathPlace,http://dbpedia.org/resource/Bishopsbourne,1,238.0,0.001221,0.011375,1.0,0.123816,0.18107167750373543
http://dbpedia.org/resource/Amerigo_Vespucci,http://dbpedia.org/ontology/deathPlace,http://dbpedia.org/resource/Seville,1,6780.0,0.000117,0.108,1.0,0.0,0.004400636318277584
http://dbpedia.org/resource/John_Stuart_Mill,http://dbpedia.org/ontology/birthPlace,http://dbpedia.org/resource/London_Borough_of_Islington,1,5740.0,0.000112,0.00475,0.0,0.096663,0.9623788096612247
http://dbpedia.org/resource/Henry_I_of_England,http://dbpedia.org/ontology/birthPlace,http://dbpedia.org/resource/Selby,1,1298.0,0.000194,0.00025,1.0,0.0,0.2569585644517447
http://dbpedia.org/resource/Benoit_Mandelbrot,http://dbpedia.org/ontology/deathPlace,"http://dbpedia.org/resource/Cambridge,_Massachusetts",1,15924.0,4.9e-05,0.001375,0.0,0.0,0.5593404819782024
"http://dbpedia.org/resource/Francis_II,_Holy_Roman_Emperor",http://dbpedia.org/ontology/deathPlace,http://dbpedia.org/resource/Vienna,1,127743.0,0.000205,0.01,0.0,0.936018,0.8015183281247376
http://dbpedia.org/resource/Amerigo_Vespucci,http://dbpedia.org/ontology/birthPlace,http://dbpedia.org/resource/Florence,1,11890.0,0.00028,0.246125,1.0,0.348682,0.011434568756065966
http://dbpedia.org/resource/Bernardo_O'Higgins,http://dbpedia.org/ontology/deathPlace,http://dbpedia.org/resource/Lima,1,34986.0,0.000641,0.006875,0.0,0.937034,0.7672348147785146
http://dbpedia.org/resource/Abbas_II_of_Egypt,http://dbpedia.org/ontology/deathPlace,http://dbpedia.org/resource/Geneva,1,9153.0,1e-05,0.00025,0.0,0.0,0.13898051604569306
http://dbpedia.org/resource/Catherine_of_Aragon,http://dbpedia.org/ontology/birthPlace,http://dbpedia.org/resource/Alcalá_de_Henares,1,355.0,4.6e-05,0.0,1.0,0.0,0.24348595578017374
http://dbpedia.org/resource/John_Stuart_Mill,http://dbpedia.org/ontology/deathPlace,http://dbpedia.org/resource/Avignon,1,16154.0,0.00013,0.044875,1.0,0.417032,0.0640159833848738
http://dbpedia.org/resource/Douglas_Adams,http://dbpedia.org/ontology/birthPlace,http://dbpedia.org/resource/Cambridge,1,57550.0,9.4e-05,0.216,1.0,0.144453,0.027658970483733114
http://dbpedia.org/resource/John_Peel,http://dbpedia.org/ontology/deathPlace,http://dbpedia.org/resource/Cusco,1,1313.0,0.000145,0.016,1.0,0.0,0.015441103058113193
http://dbpedia.org/resource/Joris_Ivens,http://dbpedia.org/ontology/deathPlace,http://dbpedia.org/resource/Paris,1,251825.0,0.000134,1.72075,1.0,0.108488,0.07223317427268583
http://dbpedia.org/resource/John_Peel,http://dbpedia.org/ontology/birthPlace,http://dbpedia.org/resource/Heswall,1,260.0,0.000224,0.00475,1.0,0.0,0.019992722036811572
http://dbpedia.org/resource/Alfonso_IV_of_Aragon,http://dbpedia.org/ontology/deathPlace,http://dbpedia.org/resource/Barcelona,1,27450.0,4.3e-05,0.0005,0.0,0.0,0.3979595490330017
http://dbpedia.org/resource/Ernst_Mayr,http://dbpedia.org/ontology/deathPlace,"http://dbpedia.org/resource/Bedford,_Massachusetts",1,931.0,7.2e-05,0.009125,1.0,0.0,0.008204542122110081
http://dbpedia.org/resource/Cornelius_Johnson_(artist),http://dbpedia.org/ontology/birthPlace,http://dbpedia.org/resource/London,1,114055.0,7.1e-05,0.9155,1.0,0.096663,0.05326326149942917
http://dbpedia.org/resource/Fay_Wray,http://dbpedia.org/ontology/birthPlace,http://dbpedia.org/resource/Alberta,1,328689.0,1e-05,0.0,1.0,0.0,0.5662063631706123
http://dbpedia.org/resource/Austen_Henry_Layard,http://dbpedia.org/ontology/birthPlace,http://dbpedia.org/resource/Paris,1,151095.0,4.9e-05,0.009625,0.0,0.213578,0.8243780248817114
http://dbpedia.org/resource/Frédéric_Bastiat,http://dbpedia.org/ontology/birthPlace,http://dbpedia.org/resource/Bayonne,1,2850.0,0.000361,0.04,1.0,0.090548,0.015532886176628957
http://dbpedia.org/resource/André_Weil,http://dbpedia.org/ontology/birthPlace,http://dbpedia.org/resource/Paris,1,201460.0,0.000335,1.78925,1.0,0.724973,0.05326326149942917
http://dbpedia.org/resource/Joseph_Conrad,http://dbpedia.org/ontology/birthPlace,http://dbpedia.org/resource/Berdychiv,1,1530.0,8.1e-05,0.014375,1.0,0.0,0.03141787022228104
http://dbpedia.org/resource/George_Frideric_Handel,http://dbpedia.org/ontology/birthPlace,http://dbpedia.org/resource/Halle_(Saale),1,4320.0,0.000935,0.044375,1.0,1.530224,0.015532886176628957
http://dbpedia.org/resource/Ivan_Bunin,http://dbpedia.org/ontology/birthPlace,http://dbpedia.org/resource/Voronezh,1,4360.0,0.000646,0.04,1.0,0.0,0.012445939516890325
http://dbpedia.org/resource/Jean-Jacques_Rousseau,http://dbpedia.org/ontology/birthPlace,http://dbpedia.org/resource/Geneva,1,134244.0,5.6e-05,0.201875,1.0,0.144412,0.05326326149942917
http://dbpedia.org/resource/Carlo_Goldoni,http://dbpedia.org/ontology/birthPlace,http://dbpedia.org/resource/Venice,1,11508.0,0.001617,0.193125,1.0,1.229857,0.011434568756065966
http://dbpedia.org/resource/Joe_Strummer,http://dbpedia.org/ontology/birthPlace,http://dbpedia.org/resource/Ankara,1,73097.0,2.1e-05,0.180375,1.0,0.0,0.011614921075246754
http://dbpedia.org/resource/Carlo_Goldoni,http://dbpedia.org/ontology/deathPlace,http://dbpedia.org/resource/Paris,1,141022.0,0.000104,1.709375,1.0,0.108488,0.07223317427268583
http://dbpedia.org/resource/Ambrose,http://dbpedia.org/ontology/birthPlace,http://dbpedia.org/resource/Trier,1,3429.0,9.8e-05,0.022,1.0,0.0,0.012445939516890325
http://dbpedia.org/resource/Alfonso_IV_of_Aragon,http://dbpedia.org/ontology/birthPlace,http://dbpedia.org/resource/Naples,1,16030.0,0.000247,0.0,1.0,0.0,0.28511886332604564
http://dbpedia.org/resource/André_Weil,http://dbpedia.org/ontology/deathPlace,"http://dbpedia.org/resource/Princeton,_New_Jersey",1,10520.0,7.5e-05,0.08075,1.0,0.0,0.005964882965330709
http://dbpedia.org/resource/Emma_Goldman,http://dbpedia.org/ontology/deathPlace,http://dbpedia.org/resource/Kaunas,0,14688.0,0.000192,0.079875,0.0,0.396404,0.9946968863075567
http://dbpedia.org/resource/John_A._Roebling,http://dbpedia.org/ontology/deathPlace,http://dbpedia.org/resource/Mühlhausen,0,306.0,0.000139,0.006,0.0,0.0,0.425437012143864
http://dbpedia.org/resource/James_Clavell,http://dbpedia.org/ontology/deathPlace,http://dbpedia.org/resource/Sydney,0,126960.0,1.1e-05,0.000125,0.0,0.0,0.018303909153815967
http://dbpedia.org/resource/Ambrose,http://dbpedia.org/ontology/birthPlace,http://dbpedia.org/resource/Milan,0,75654.0,0.001608,0.4565,0.0,0.125975,0.9728285980003997
http://dbpedia.org/resource/Frank_Capra,http://dbpedia.org/ontology/deathPlace,http://dbpedia.org/resource/Bisacquino,0,396.0,1.5e-05,0.0,0.0,0.0,0.03511873509732577
http://dbpedia.org/resource/Alexander_Kerensky,http://dbpedia.org/ontology/deathPlace,http://dbpedia.org/resource/Ulyanovsk,0,2937.0,0.00026,0.025375,0.0,0.352956,0.9946968863075567
http://dbpedia.org/resource/Arthur_de_Gobineau,http://dbpedia.org/ontology/deathPlace,http://dbpedia.org/resource/Ville-d'Avray,0,260.0,0.000985,0.004875,0.0,0.0,0.3588918858303204
http://dbpedia.org/resource/Eugene_Wigner,http://dbpedia.org/ontology/deathPlace,http://dbpedia.org/resource/Budapest,0,70261.0,0.000556,0.82925,1.0,1.061232,0.10084718532571102
http://dbpedia.org/resource/George_Frideric_Handel,http://dbpedia.org/ontology/deathPlace,http://dbpedia.org/resource/Halle_(Saale),0,4320.0,0.001299,0.044375,0.0,1.530224,0.9946968863075567
http://dbpedia.org/resource/Douglas_Adams,http://dbpedia.org/ontology/birthPlace,"http://dbpedia.org/resource/Santa_Barbara,_California",0,37250.0,2.8e-05,0.0035,0.0,0.0,0.378092232071806
http://dbpedia.org/resource/Catherine_of_Aragon,http://dbpedia.org/ontology/birthPlace,http://dbpedia.org/resource/Huntingdonshire,0,885.0,6.3e-05,0.0,1.0,0.0,0.3448396951523848
http://dbpedia.org/resource/Alfonso_IV_of_Aragon,http://dbpedia.org/ontology/birthPlace,http://dbpedia.org/resource/Barcelona,0,27450.0,5.9e-05,0.0005,1.0,0.0,0.023152652757775893
http://dbpedia.org/resource/Douglas_Adams,http://dbpedia.org/ontology/deathPlace,http://dbpedia.org/resource/Cambridge,0,57550.0,6.3e-05,0.216,0.0,0.144453,0.9929319436189813
http://dbpedia.org/resource/Joseph_Conrad,http://dbpedia.org/ontology/birthPlace,http://dbpedia.org/resource/Bishopsbourne,0,238.0,0.001107,0.011375,0.0,0.123816,0.9526095363510404
http://dbpedia.org/resource/Alfonso_IV_of_Aragon,http://dbpedia.org/ontology/deathPlace,http://dbpedia.org/resource/Naples,0,16030.0,0.000211,0.0,0.0,0.0,0.12730173636296704
http://dbpedia.org/resource/Arthur_de_Gobineau,http://dbpedia.org/ontology/birthPlace,http://dbpedia.org/resource/Turin,0,16510.0,0.000157,0.247875,0.0,0.266214,0.9854522289194536
"http://dbpedia.org/resource/Albert_VII,_Archduke_of_Austria",http://dbpedia.org/ontology/deathPlace,http://dbpedia.org/resource/Wiener_Neustadt,0,930.0,3.4e-05,0.0,0.0,0.0,0.03667860551674862
http://dbpedia.org/resource/Joseph_Conrad,http://dbpedia.org/ontology/deathPlace,http://dbpedia.org/resource/Berdychiv,0,1530.0,7e-05,0.014375,0.0,0.0,0.4124663492624976
http://dbpedia.org/resource/Catherine_of_Aragon,http://dbpedia.org/ontology/deathPlace,http://dbpedia.org/resource/Alcalá_de_Henares,0,355.0,4.2e-05,0.0,0.0,0.0,0.03511873509732577
http://dbpedia.org/resource/Joris_Ivens,http://dbpedia.org/ontology/deathPlace,http://dbpedia.org/resource/Nijmegen,0,5800.0,0.000186,0.0755,0.0,0.105761,0.9946968863075567
http://dbpedia.org/resource/Gregory_Bateson,http://dbpedia.org/ontology/deathPlace,http://dbpedia.org/resource/Grantchester,0,650.0,0.000198,0.011125,0.0,0.0,0.2670410218449857
http://dbpedia.org/resource/James_Wilkinson,http://dbpedia.org/ontology/birthPlace,http://dbpedia.org/resource/Mexico_City,0,124180.0,0.000117,1.416125,0.0,0.700454,0.9840350777814553
http://dbpedia.org/resource/Ivan_Bunin,http://dbpedia.org/ontology/deathPlace,http://dbpedia.org/resource/Voronezh,0,4360.0,0.000674,0.04,0.0,0.0,0.6242078868462326
http://dbpedia.org/resource/J._R._R._Tolkien,http://dbpedia.org/ontology/deathPlace,http://dbpedia.org/resource/Bloemfontein,0,39867.0,5.4e-05,0.073375,0.0,0.222232,0.9713920664248672
http://dbpedia.org/resource/Gregory_Bateson,http://dbpedia.org/ontology/birthPlace,http://dbpedia.org/resource/San_Francisco,0,267500.0,9.2e-05,0.005375,1.0,0.217147,0.42635492513872875
http://dbpedia.org/resource/Jean-Jacques_Rousseau,http://dbpedia.org/ontology/birthPlace,http://dbpedia.org/resource/Ermenonville,0,396.0,0.000703,0.02525,0.0,0.0,0.6464664724162148
http://dbpedia.org/resource/Alfred_Hitchcock,http://dbpedia.org/ontology/birthPlace,"http://dbpedia.org/resource/Bel_Air,_Los_Angeles",0,3458.0,0.000162,0.039625,0.0,0.378093,0.9778685731590748
http://dbpedia.org/resource/F._F._E._Yeo-Thomas,http://dbpedia.org/ontology/deathPlace,http://dbpedia.org/resource/London,0,182488.0,3.6e-05,0.007,0.0,0.0,0.057609121616418624
http://dbpedia.org/resource/Ernst_Mayr,http://dbpedia.org/ontology/deathPlace,http://dbpedia.org/resource/Kempten,0,817.0,9.7e-05,0.008375,0.0,0.0,0.2670410218449857
http://dbpedia.org/resource/Frank_Capra,http://dbpedia.org/ontology/birthPlace,"http://dbpedia.org/resource/La_Quinta,_California",0,1716.0,8.2e-05,0.00025,1.0,0.0,0.15132848150365275
http://dbpedia.org/resource/Ivan_Bunin,http://dbpedia.org/ontology/birthPlace,http://dbpedia.org/resource/Paris,0,201460.0,0.000397,2.66625,0.0,0.199036,0.9840350777814553
http://dbpedia.org/resource/Carlo_Goldoni,http://dbpedia.org/ontology/deathPlace,http://dbpedia.org/resource/Venice,0,11508.0,0.001458,0.193125,0.0,1.229857,0.9965345113564904
http://dbpedia.org/resource/Anton_Chekhov,http://dbpedia.org/ontology/birthPlace,http://dbpedia.org/resource/Badenweiler,0,1340.0,0.000143,0.01875,0.0,0.0,0.5738501445333272
http://dbpedia.org/resource/Austen_Henry_Layard,http://dbpedia.org/ontology/deathPlace,http://dbpedia.org/resource/Paris,0,151095.0,6.1e-05,0.009625,1.0,0.213578,0.42486297978674614
http://dbpedia.org/resource/John_A._Macdonald,http://dbpedia.org/ontology/birthPlace,http://dbpedia.org/resource/Ottawa,0,180230.0,0.000433,0.842,0.0,0.841355,0.9840350777814553
http://dbpedia.org/resource/Joe_Strummer,http://dbpedia.org/ontology/deathPlace,http://dbpedia.org/resource/Ankara,0,73097.0,2.6e-05,0.180375,0.0,0.0,0.6836069095761388
"http://dbpedia.org/resource/Albert_VII,_Archduke_of_Austria",http://dbpedia.org/ontology/birthPlace,http://dbpedia.org/resource/Brussels,0,29055.0,0.000135,0.00025,1.0,0.0,0.11486300768841862
http://dbpedia.org/resource/Anton_Chekhov,http://dbpedia.org/ontology/deathPlace,http://dbpedia.org/resource/Taganrog,0,24790.0,0.000977,0.05775,0.0,1.590353,0.9904061821148131
http://dbpedia.org/resource/Benoit_Mandelbrot,http://dbpedia.org/ontology/deathPlace,http://dbpedia.org/resource/Warsaw,0,37044.0,4.4e-05,0.000875,0.0,0.0,0.12617679416806915
http://dbpedia.org/resource/George_Frideric_Handel,http://dbpedia.org/ontology/birthPlace,http://dbpedia.org/resource/London,0,410598.0,0.000138,4.32875,0.0,0.196315,0.9840350777814553
http://dbpedia.org/resource/Adelaide_of_Italy,http://dbpedia.org/ontology/deathPlace,http://dbpedia.org/resource/Orbe,0,330.0,0.00055,0.004625,0.0,0.0,0.425437012143864
http://dbpedia.org/resource/James_Wilkinson,http://dbpedia.org/ontology/deathPlace,"http://dbpedia.org/resource/Benedict,_Maryland",0,112.0,0.001676,0.002875,0.0,0.220624,0.9942252832349726
http://dbpedia.org/resource/Aaliyah,http://dbpedia.org/ontology/deathPlace,http://dbpedia.org/resource/Brooklyn,0,341165.0,0.000128,0.169,0.0,0.36669,0.9883563769088463
http://dbpedia.org/resource/Hawley_Harvey_Crippen,http://dbpedia.org/ontology/birthPlace,http://dbpedia.org/resource/London,0,136866.0,0.000397,4.3265,0.0,0.196315,0.9840350777814553
http://dbpedia.org/resource/Abbas_II_of_Egypt,http://dbpedia.org/ontology/birthPlace,http://dbpedia.org/resource/Geneva,0,9153.0,9e-06,0.00025,1.0,0.0,0.11147382108750703
http://dbpedia.org/resource/Joris_Ivens,http://dbpedia.org/ontology/birthPlace,http://dbpedia.org/resource/Paris,0,251825.0,0.000132,1.72075,0.0,0.108488,0.9840350777814553
http://dbpedia.org/resource/John_A._Roebling,http://dbpedia.org/ontology/birthPlace,http://dbpedia.org/resource/New_York_City,0,216117.0,0.000402,3.539625,0.0,0.459818,0.9840350777814553
http://dbpedia.org/resource/John_Stuart_Mill,http://dbpedia.org/ontology/deathPlace,http://dbpedia.org/resource/London_Borough_of_Islington,0,5740.0,0.000132,0.00475,1.0,0.096663,0.12800852723493006
http://dbpedia.org/resource/Jean-Jacques_Rousseau,http://dbpedia.org/ontology/deathPlace,http://dbpedia.org/resource/Geneva,0,134244.0,6.7e-05,0.201875,0.0,0.144412,0.9883563769088463
http://dbpedia.org/resource/Cornelius_Johnson_(artist),http://dbpedia.org/ontology/deathPlace,http://dbpedia.org/resource/London,0,114055.0,0.000118,0.9155,0.0,0.096663,0.9883563769088463
"http://dbpedia.org/resource/Francis_II,_Holy_Roman_Emperor",http://dbpedia.org/ontology/birthPlace,http://dbpedia.org/resource/Vienna,0,127743.0,0.000136,0.01,1.0,0.936018,0.4607724267649854
http://dbpedia.org/resource/Fay_Wray,http://dbpedia.org/ontology/deathPlace,http://dbpedia.org/resource/Alberta,0,328689.0,1.1e-05,0.0,0.0,0.0,0.018303909153815967
http://dbpedia.org/resource/Eduard_von_Böhm-Ermolli,http://dbpedia.org/ontology/birthPlace,http://dbpedia.org/resource/Opava,0,1023.0,4.4e-05,0.0,1.0,0.0,0.3448396951523848
http://dbpedia.org/resource/Abd_al-Rahman_I,http://dbpedia.org/ontology/birthPlace,"http://dbpedia.org/resource/Córdoba,_Spain",0,1680.0,6.3e-05,0.0,1.0,0.0,0.36177806226113207
http://dbpedia.org/resource/Fay_Wray,http://dbpedia.org/ontology/birthPlace,http://dbpedia.org/resource/New_York_City,0,1416767.0,4.7e-05,0.009875,1.0,0.276938,0.5781604639553176
http://dbpedia.org/resource/John_von_Neumann,http://dbpedia.org/ontology/birthPlace,"http://dbpedia.org/resource/Washington,_D.C.",0,1203684.0,4.6e-05,1.7905,0.0,0.195641,0.9817573588939889
http://dbpedia.org/resource/Amerigo_Vespucci,http://dbpedia.org/ontology/birthPlace,http://dbpedia.org/resource/Seville,0,6780.0,0.000147,0.108,0.0,0.0,0.8459820502948309
http://dbpedia.org/resource/Henry_Moseley,http://dbpedia.org/ontology/birthPlace,http://dbpedia.org/resource/Gelibolu,0,360.0,7.6e-05,0.000875,0.0,0.0,0.553686776154888
http://dbpedia.org/resource/F._F._E._Yeo-Thomas,http://dbpedia.org/ontology/birthPlace,http://dbpedia.org/resource/Paris,0,80584.0,5.2e-05,0.02775,1.0,0.0,0.015525044494766438
http://dbpedia.org/resource/Henry_Moseley,http://dbpedia.org/ontology/deathPlace,"http://dbpedia.org/resource/Weymouth,_Dorset",0,1605.0,0.000213,0.02925,0.0,0.141226,0.9946968863075567
http://dbpedia.org/resource/Abd_al-Rahman_I,http://dbpedia.org/ontology/deathPlace,http://dbpedia.org/resource/Damascus,0,5355.0,3.4e-05,0.0,0.0,0.0,0.10271194885990687
http://dbpedia.org/resource/C._S._Forester,http://dbpedia.org/ontology/deathPlace,http://dbpedia.org/resource/Cairo,0,54990.0,0.000197,0.317625,1.0,0.348404,0.10084718532571102
http://dbpedia.org/resource/Hawley_Harvey_Crippen,http://dbpedia.org/ontology/deathPlace,"http://dbpedia.org/resource/Coldwater,_Michigan",0,396.0,0.000137,0.010625,0.0,0.0,0.2583112782298186
http://dbpedia.org/resource/John_Peel,http://dbpedia.org/ontology/birthPlace,http://dbpedia.org/resource/Cusco,0,1313.0,0.000131,0.016,0.0,0.0,0.5738501445333272
"http://dbpedia.org/resource/Christina,_Queen_of_Sweden",http://dbpedia.org/ontology/birthPlace,http://dbpedia.org/resource/Rome,0,37818.0,1.9e-05,0.0,1.0,0.0,0.5842341343600863
http://dbpedia.org/resource/John_Peel,http://dbpedia.org/ontology/deathPlace,http://dbpedia.org/resource/Heswall,0,260.0,0.000229,0.00475,0.0,0.0,0.3588918858303204
http://dbpedia.org/resource/André_Weil,http://dbpedia.org/ontology/birthPlace,"http://dbpedia.org/resource/Princeton,_New_Jersey",0,10520.0,8.3e-05,0.08075,0.0,0.0,0.7817924770337809
http://dbpedia.org/resource/John_von_Neumann,http://dbpedia.org/ontology/deathPlace,http://dbpedia.org/resource/Budapest,0,611684.0,0.000134,0.93,0.0,1.890915,0.9883563769088463
http://dbpedia.org/resource/Eugene_Wigner,http://dbpedia.org/ontology/birthPlace,"http://dbpedia.org/resource/Princeton,_New_Jersey",0,8942.0,0.000143,0.07525,0.0,0.0,0.7817924770337809
http://dbpedia.org/resource/Emma_Goldman,http://dbpedia.org/ontology/birthPlace,http://dbpedia.org/resource/Toronto,0,298486.0,5.9e-05,1.332375,0.0,0.110131,0.9840350777814553
http://dbpedia.org/resource/Augustus_II_the_Strong,http://dbpedia.org/ontology/deathPlace,http://dbpedia.org/resource/Dresden,0,15290.0,7.9e-05,0.000875,0.0,0.0,0.5780613678989454
http://dbpedia.org/resource/Frédéric_Bastiat,http://dbpedia.org/ontology/birthPlace,http://dbpedia.org/resource/Rome,0,119757.0,0.000111,1.2525,0.0,0.261189,0.9840350777814553
"http://dbpedia.org/resource/Francis_II,_Holy_Roman_Emperor",http://dbpedia.org/ontology/deathPlace,http://dbpedia.org/resource/Florence,0,39237.0,3.6e-05,0.000375,0.0,0.0,0.03557881273708752
http://dbpedia.org/resource/Eduard_von_Böhm-Ermolli,http://dbpedia.org/ontology/deathPlace,http://dbpedia.org/resource/Ancona,0,1573.0,2.8e-05,0.000375,0.0,0.0,0.16998949336890645
http://dbpedia.org/resource/Austen_Henry_Layard,http://dbpedia.org/ontology/birthPlace,http://dbpedia.org/resource/London,0,342165.0,0.000378,0.06475,1.0,0.712288,0.07127271563571336
http://dbpedia.org/resource/Joe_Strummer,http://dbpedia.org/ontology/birthPlace,"http://dbpedia.org/resource/Broomfield,_Somerset",0,804.0,0.000204,0.0165,0.0,0.0,0.5698549541854085
"http://dbpedia.org/resource/Christina,_Queen_of_Sweden",http://dbpedia.org/ontology/deathPlace,http://dbpedia.org/resource/Stockholm,0,25890.0,0.000961,0.00025,0.0,0.0,0.08939033140718333
http://dbpedia.org/resource/Irenaeus,http://dbpedia.org/ontology/birthPlace,http://dbpedia.org/resource/Lyon,0,12696.0,0.000957,0.090875,1.0,0.648658,0.04039042241456181
http://dbpedia.org/resource/Cornelius_Johnson_(artist),http://dbpedia.org/ontology/birthPlace,http://dbpedia.org/resource/Utrecht,0,3060.0,0.000337,0.153,1.0,0.105761,0.011434568756065966
http://dbpedia.org/resource/Alfred_Hitchcock,http://dbpedia.org/ontology/deathPlace,http://dbpedia.org/resource/London,0,2075801.0,0.000118,0.062125,0.0,1.347941,0.9797335393191254
http://dbpedia.org/resource/Adelaide_of_Italy,http://dbpedia.org/ontology/birthPlace,http://dbpedia.org/resource/Alsace,0,2580.0,0.000201,0.0265,0.0,0.0,0.7789913208935602
http://dbpedia.org/resource/Frédéric_Bastiat,http://dbpedia.org/ontology/deathPlace,http://dbpedia.org/resource/Bayonne,0,2850.0,0.000398,0.04,0.0,0.090548,0.9946968863075567
http://dbpedia.org/resource/John_Stuart_Mill,http://dbpedia.org/ontology/birthPlace,http://dbpedia.org/resource/Avignon,0,16154.0,0.000228,0.044875,0.0,0.417032,0.9778685731590748
http://dbpedia.org/resource/Carlo_Goldoni,http://dbpedia.org/ontology/birthPlace,http://dbpedia.org/resource/Paris,0,141022.0,9.7e-05,1.709375,0.0,0.108488,0.9840350777814553
http://dbpedia.org/resource/Benoit_Mandelbrot,http://dbpedia.org/ontology/birthPlace,"http://dbpedia.org/resource/Cambridge,_Massachusetts",0,15924.0,5.9e-05,0.001375,1.0,0.0,0.021559561910517222
http://dbpedia.org/resource/Aaliyah,http://dbpedia.org/ontology/birthPlace,http://dbpedia.org/resource/Marsh_Harbour,0,495.0,0.001291,0.019,0.0,0.5092,0.9648490128419958
http://dbpedia.org/resource/Henry_I_of_England,http://dbpedia.org/ontology/birthPlace,http://dbpedia.org/resource/Lyons-la-Forêt,0,66.0,0.000755,0.0,1.0,0.0,0.543017481457376
http://dbpedia.org/resource/James_Clavell,http://dbpedia.org/ontology/birthPlace,http://dbpedia.org/resource/Vevey,0,1748.0,0.000134,0.019125,0.0,0.0,0.7789913208935602
http://dbpedia.org/resource/Irenaeus,http://dbpedia.org/ontology/deathPlace,http://dbpedia.org/resource/İzmir,0,6540.0,0.000165,0.05025,0.0,0.100354,0.9946968863075567
http://dbpedia.org/resource/Ernst_Mayr,http://dbpedia.org/ontology/birthPlace,"http://dbpedia.org/resource/Bedford,_Massachusetts",0,931.0,0.000101,0.009125,0.0,0.0,0.5698549541854085
http://dbpedia.org/resource/J._R._R._Tolkien,http://dbpedia.org/ontology/birthPlace,http://dbpedia.org/resource/Bournemouth,0,60691.0,7.6e-05,0.098875,0.0,0.849342,0.8943794618772415
http://dbpedia.org/resource/Henry_I_of_England,http://dbpedia.org/ontology/deathPlace,http://dbpedia.org/resource/Selby,0,1298.0,0.000134,0.00025,0.0,0.0,0.03741723641163153
http://dbpedia.org/resource/Bernardo_O'Higgins,http://dbpedia.org/ontology/deathPlace,http://dbpedia.org/resource/Chillán,0,903.0,0.00139,0.003875,0.0,0.558111,0.9916592708908648
"http://dbpedia.org/resource/Diana,_Princess_of_Wales",http://dbpedia.org/ontology/birthPlace,http://dbpedia.org/resource/Paris,0,221606.0,8.7e-05,0.002625,1.0,0.352956,0.39798989019665043
http://dbpedia.org/resource/Amerigo_Vespucci,http://dbpedia.org/ontology/deathPlace,http://dbpedia.org/resource/Florence,0,11890.0,0.000287,0.246125,0.0,0.348682,0.9965345113564904
http://dbpedia.org/resource/C._S._Forester,http://dbpedia.org/ontology/birthPlace,"http://dbpedia.org/resource/Fullerton,_California",0,5790.0,9.7e-05,0.028875,0.0,0.0,0.7789913208935602
http://dbpedia.org/resource/Bernardo_O'Higgins,http://dbpedia.org/ontology/birthPlace,http://dbpedia.org/resource/Lima,0,34986.0,0.000624,0.006875,1.0,0.937034,0.6630964217208402
http://dbpedia.org/resource/John_A._Macdonald,http://dbpedia.org/ontology/deathPlace,http://dbpedia.org/resource/Glasgow,0,305118.0,6.4e-05,0.837,0.0,0.227296,0.9883563769088463
http://dbpedia.org/resource/Augustus_II_the_Strong,http://dbpedia.org/ontology/birthPlace,http://dbpedia.org/resource/Warsaw,0,67914.0,0.000178,0.0015,1.0,0.0,0.06836747186741998
http://dbpedia.org/resource/André_Weil,http://dbpedia.org/ontology/deathPlace,http://dbpedia.org/resource/Paris,0,201460.0,0.000268,1.78925,0.0,0.724973,0.9883563769088463
http://dbpedia.org/resource/Abbas_II_of_Egypt,http://dbpedia.org/ontology/deathPlace,http://dbpedia.org/resource/Alexandria,0,5688.0,0.000167,0.002625,0.0,0.0,0.49901677837172675
http://dbpedia.org/resource/Alexander_Kerensky,http://dbpedia.org/ontology/birthPlace,http://dbpedia.org/resource/New_York_City,0,792429.0,4.6e-05,4.6455,0.0,0.199565,0.9817573588939889
"http://dbpedia.org/resource/Diana,_Princess_of_Wales",http://dbpedia.org/ontology/deathPlace,"http://dbpedia.org/resource/Sandringham,_Norfolk",0,110.0,0.000894,0.00175,0.0,0.0,0.3588918858303204
