subject,predicate,object,truth,kl_rel,degree_product,adamic_adar,kl,katz,ensemble_score
http://dbpedia.org/resource/Gregory_Bateson,http://dbpedia.org/ontology/birthPlace,http://dbpedia.org/resource/Grantchester,1,0.059209,650.0,0.0,0.073111,0.011125,0.024433834897616413
http://dbpedia.org/resource/C._S._Forester,http://dbpedia.org/ontology/birthPlace,http://dbpedia.org/resource/Cairo,1,0.167179,54990.0,0.348404,0.075999,0.317625,0.14339873472936726
http://dbpedia.org/resource/Emma_Goldman,http://dbpedia.org/ontology/deathPlace,http://dbpedia.org/resource/Toronto,1,0.113571,298486.0,0.110131,0.059937,1.332375,0.9875337189474436
http://dbpedia.org/resource/Abd_al-Rahman_I,http://dbpedia.org/ontology/birthPlace,http://dbpedia.org/resource/Damascus,1,0.089922,5355.0,0.0,0.070612,0.0,0.026872158395216394
http://dbpedia.org/resource/Augustus_II_the_Strong,http://dbpedia.org/ontology/deathPlace,http://dbpedia.org/resource/Warsaw,1,0.136758,67914.0,0.0,0.072804,0.0015,0.02420975020726801
http://dbpedia.org/resource/Augustus_II_the_Strong,http://dbpedia.org/ontology/birthPlace,http://dbpedia.org/resource/Dresden,1,0.17004,15290.0,0.0,0.093266,0.000875,0.037982953640896766
http://dbpedia.org/resource/Hawley_Harvey_Crippen,http://dbpedia.org/ontology/deathPlace,http://dbpedia.org/resource/London,1,0.178592,136866.0,0.196315,0.06543,4.3265,0.9875337189474436
http://dbpedia.org/resource/J._R._R._Tolkien,http://dbpedia.org/ontology/deathPlace,http://dbpedia.org/resource/Bournemouth,1,0.309026,60691.0,0.849342,0.112545,0.098875,0.2784675045029824
http://dbpedia.org/resource/Abbas_II_of_Egypt,http://dbpedia.org/ontology/birthPlace,http://dbpedia.org/resource/Alexandria,1,0.111966,5688.0,0.0,0.078208,0.002625,0.02904081154276028
http://dbpedia.org/resource/John_von_Neumann,http://dbpedia.org/ontology/birthPlace,http://dbpedia.org/resource/Budapest,1,0.239746,611684.0,1.890915,0.086776,0.93,0.9841897423172662
http://dbpedia.org/resource/Joris_Ivens,http://dbpedia.org/ontology/birthPlace,http://dbpedia.org/resource/Nijmegen,1,0.082732,5800.0,0.105761,0.063347,0.0755,0.0405681879853651
http://dbpedia.org/resource/Benoit_Mandelbrot,http://dbpedia.org/ontology/birthPlace,http://dbpedia.org/resource/Warsaw,1,0.085827,37044.0,0.0,0.076464,0.000875,0.05285086694325147
http://dbpedia.org/resource/J._R._R._Tolkien,http://dbpedia.org/ontology/birthPlace,http://dbpedia.org/resource/Bloemfontein,1,0.17132,39867.0,0.222232,0.0895,0.073375,0.07871651837480742
http://dbpedia.org/resource/Anton_Chekhov,http://dbpedia.org/ontology/birthPlace,http://dbpedia.org/resource/Taganrog,1,0.257007,24790.0,1.590353,0.127717,0.05775,0.027323449025515756
http://dbpedia.org/resource/Aaliyah,http://dbpedia.org/ontology/deathPlace,http://dbpedia.org/resource/Marsh_Harbour,1,0.247445,495.0,0.5092,0.165825,0.019,0.015430080918860445
http://dbpedia.org/resource/Ivan_Bunin,http://dbpedia.org/ontology/deathPlace,http://dbpedia.org/resource/Paris,1,0.110485,201460.0,0.199036,0.059535,2.66625,0.9875337189474436
http://dbpedia.org/resource/Alexander_Kerensky,http://dbpedia.org/ontology/birthPlace,http://dbpedia.org/resource/Ulyanovsk,1,0.239784,2937.0,0.352956,0.120166,0.025375,0.011064435249418247
http://dbpedia.org/resource/Ernst_Mayr,http://dbpedia.org/ontology/birthPlace,http://dbpedia.org/resource/Kempten,1,0.088773,817.0,0.0,0.068387,0.008375,0.024433834897616413
http://dbpedia.org/resource/Austen_Henry_Layard,http://dbpedia.org/ontology/deathPlace,http://dbpedia.org/resource/London,1,0.203434,342165.0,0.712288,0.074976,0.06475,0.19603476870656866
http://dbpedia.org/resource/Douglas_Adams,http://dbpedia.org/ontology/deathPlace,"http://dbpedia.org/resource/Santa_Barbara,_California",1,0.133754,37250.0,0.0,0.075996,0.0035,0.018869777316672054
http://dbpedia.org/resource/James_Wilkinson,http://dbpedia.org/ontology/birthPlace,"http://dbpedia.org/resource/Benedict,_Maryland",1,0.174993,112.0,0.220624,0.144532,0.002875,0.00900153784712876
http://dbpedia.org/resource/Arthur_de_Gobineau,http://dbpedia.org/ontology/birthPlace,http://dbpedia.org/resource/Ville-d'Avray,1,0.117686,260.0,0.0,0.091071,0.004875,0.027146268385072947
"http://dbpedia.org/resource/Francis_II,_Holy_Roman_Emperor",http://dbpedia.org/ontology/birthPlace,http://dbpedia.org/resource/Florence,1,0.11799,39237.0,0.0,0.074633,0.000375,0.048993891511661225
http://dbpedia.org/resource/John_A._Roebling,http://dbpedia.org/ontology/birthPlace,http://dbpedia.org/resource/Mühlhausen,1,0.092498,306.0,0.0,0.095077,0.006,0.027146268385072947
http://dbpedia.org/resource/Cornelius_Johnson_(artist),http://dbpedia.org/ontology/deathPlace,http://dbpedia.org/resource/Utrecht,1,0.126003,3060.0,0.105761,0.069671,0.153,0.11684731354643707
http://dbpedia.org/resource/John_A._Macdonald,http://dbpedia.org/ontology/deathPlace,http://dbpedia.org/resource/Ottawa,1,0.271728,180230.0,0.841355,0.092224,0.842,0.9875366801461539
http://dbpedia.org/resource/John_A._Roebling,http://dbpedia.org/ontology/deathPlace,http://dbpedia.org/resource/New_York_City,1,0.170672,216117.0,0.459818,0.072156,3.539625,0.9875366801461539
http://dbpedia.org/resource/James_Wilkinson,http://dbpedia.org/ontology/deathPlace,http://dbpedia.org/resource/Mexico_City,1,0.805212,124180.0,0.700454,0.106414,1.416125,0.9820672193212385
http://dbpedia.org/resource/Arthur_de_Gobineau,http://dbpedia.org/ontology/deathPlace,http://dbpedia.org/resource/Turin,1,0.106688,16510.0,0.266214,0.062247,0.247875,0.3136840649157343
http://dbpedia.org/resource/Frédéric_Bastiat,http://dbpedia.org/ontology/deathPlace,http://dbpedia.org/resource/Rome,1,0.121024,119757.0,0.261189,0.062314,1.2525,0.9875337189474436
http://dbpedia.org/resource/Adelaide_of_Italy,http://dbpedia.org/ontology/birthPlace,http://dbpedia.org/resource/Orbe,1,0.051812,330.0,0.0,0.065264,0.004625,0.02511543270861394
"http://dbpedia.org/resource/Albert_VII,_Archduke_of_Austria",http://dbpedia.org/ontology/birthPlace,http://dbpedia.org/resource/Wiener_Neustadt,1,0.06023,930.0,0.0,0.06119,0.0,0.024433834897616413
http://dbpedia.org/resource/Irenaeus,http://dbpedia.org/ontology/birthPlace,http://dbpedia.org/resource/İzmir,1,0.134135,6540.0,0.100354,0.077524,0.05025,0.011064435249418247
http://dbpedia.org/resource/Henry_Moseley,http://dbpedia.org/ontology/birthPlace,"http://dbpedia.org/resource/Weymouth,_Dorset",1,0.122434,1605.0,0.141226,0.078409,0.02925,0.011064435249418247
http://dbpedia.org/resource/Eduard_von_Böhm-Ermolli,http://dbpedia.org/ontology/birthPlace,http://dbpedia.org/resource/Ancona,1,0.053969,1573.0,0.0,0.060211,0.000375,0.026872158395216394
http://dbpedia.org/resource/Henry_I_of_England,http://dbpedia.org/ontology/deathPlace,http://dbpedia.org/resource/Lyons-la-Forêt,1,0.067186,66.0,0.0,0.08401,0.0,0.009503489150439859
http://dbpedia.org/resource/Irenaeus,http://dbpedia.org/ontology/deathPlace,http://dbpedia.org/resource/Lyon,1,0.296957,12696.0,0.648658,0.102502,0.090875,0.018543126374696017
http://dbpedia.org/resource/F._F._E._Yeo-Thomas,http://dbpedia.org/ontology/deathPlace,http://dbpedia.org/resource/Paris,1,0.078266,80584.0,0.0,0.059226,0.02775,0.02294605659966642
http://dbpedia.org/resource/Eugene_Wigner,http://dbpedia.org/ontology/deathPlace,"http://dbpedia.org/resource/Princeton,_New_Jersey",1,0.082176,8942.0,0.0,0.083965,0.07525,0.03526942120532395
http://dbpedia.org/resource/Anton_Chekhov,http://dbpedia.org/ontology/deathPlace,http://dbpedia.org/resource/Badenweiler,1,0.122548,1340.0,0.0,0.099431,0.01875,0.011680063770681537
"http://dbpedia.org/resource/Diana,_Princess_of_Wales",http://dbpedia.org/ontology/deathPlace,http://dbpedia.org/resource/Paris,1,0.133713,221606.0,0.352956,0.076623,0.002625,0.05465291216545953
http://dbpedia.org/resource/Abd_al-Rahman_I,http://dbpedia.org/ontology/deathPlace,"http://dbpedia.org/resource/Córdoba,_Spain",1,0.093226,1680.0,0.0,0.072711,0.0,0.010793431251752472
http://dbpedia.org/resource/Frank_Capra,http://dbpedia.org/ontology/birthPlace,http://dbpedia.org/resource/Bisacquino,1,0.057957,396.0,0.0,0.062421,0.0,0.02511543270861394
"http://dbpedia.org/resource/Albert_VII,_Archduke_of_Austria",http://dbpedia.org/ontology/deathPlace,http://dbpedia.org/resource/Brussels,1,0.099406,29055.0,0.0,0.088676,0.00025,0.01811691993677289
http://dbpedia.org/resource/Catherine_of_Aragon,http://dbpedia.org/ontology/deathPlace,http://dbpedia.org/resource/Huntingdonshire,1,0.061096,885.0,0.0,0.062229,0.0,0.009799366274270471
http://dbpedia.org/resource/C._S._Forester,http://dbpedia.org/ontology/deathPlace,"http://dbpedia.org/resource/Fullerton,_California",1,0.056259,5790.0,0.0,0.049798,0.028875,0.010793431251752472
http://dbpedia.org/resource/John_von_Neumann,http://dbpedia.org/ontology/deathPlace,"http://dbpedia.org/resource/Washington,_D.C.",1,0.108229,1203684.0,0.195641,0.067314,1.7905,0.9875366801461539
"http://dbpedia.org/resource/Christina,_Queen_of_Sweden",http://dbpedia.org/ontology/deathPlace,http://dbpedia.org/resource/Rome,1,0.074797,37818.0,0.0,0.051436,0.0,0.017447008927911845
http://dbpedia.org/resource/James_Clavell,http://dbpedia.org/ontology/birthPlace,http://dbpedia.org/resource/Sydney,1,0.093071,126960.0,0.0,0.056547,0.000125,0.11490477838488611
http://dbpedia.org/resource/Henry_Moseley,http://dbpedia.org/ontology/deathPlace,http://dbpedia.org/resource/Gelibolu,1,0.096503,360.0,0.0,0.075922,0.000875,0.010905367858700554
http://dbpedia.org/resource/George_Frideric_Handel,http://dbpedia.org/ontology/deathPlace,http://dbpedia.org/resource/London,1,0.151825,410598.0,0.196315,0.063235,4.32875,0.9875337189474436
http://dbpedia.org/resource/Gregory_Bateson,http://dbpedia.org/ontology/deathPlace,http://dbpedia.org/resource/San_Francisco,1,0.11347,267500.0,0.217147,0.073474,0.005375,0.050671461900661185
http://dbpedia.org/resource/Fay_Wray,http://dbpedia.org/ontology/deathPlace,http://dbpedia.org/resource/New_York_City,1,0.183026,1416767.0,0.276938,0.06804,0.009875,0.056218827900523904
http://dbpedia.org/resource/Alfred_Hitchcock,http://dbpedia.org/ontology/deathPlace,"http://dbpedia.org/resource/Bel_Air,_Los_Angeles",1,0.188224,3458.0,0.378093,0.121638,0.039625,0.016520834772577486
http://dbpedia.org/resource/Frank_Capra,http://dbpedia.org/ontology/deathPlace,"http://dbpedia.org/resource/La_Quinta,_California",1,0.062664,1716.0,0.0,0.065209,0.00025,0.010793431251752472
http://dbpedia.org/resource/Eduard_von_Böhm-Ermolli,http://dbpedia.org/ontology/deathPlace,http://dbpedia.org/resource/Opava,1,0.06237,1023.0,0.0,0.060184,0.0,0.009799366274270471
http://dbpedia.org/resource/James_Clavell,http://dbpedia.org/ontology/deathPlace,http://dbpedia.org/resource/Vevey,1,0.108607,1748.0,0.0,0.077855,0.019125,0.011680063770681537
http://dbpedia.org/resource/Hawley_Harvey_Crippen,http://dbpedia.org/ontology/birthPlace,"http://dbpedia.org/resource/Coldwater,_Michigan",1,0.051623,396.0,0.0,0.049677,0.010625,0.02511543270861394
http://dbpedia.org/resource/John_A._Macdonald,http://dbpedia.org/ontology/birthPlace,http://dbpedia.org/resource/Glasgow,1,0.096234,305118.0,0.227296,0.061554,0.837,0.9841859986433967
http://dbpedia.org/resource/Bernardo_O'Higgins,http://dbpedia.org/ontology/birthPlace,http://dbpedia.org/resource/Chillán,1,0.276648,903.0,0.558111,0.152603,0.003875,0.010045664523555708
http://dbpedia.org/resource/Alexander_Kerensky,http://dbpedia.org/ontology/deathPlace,http://dbpedia.org/resource/New_York_City,1,0.115626,792429.0,0.199565,0.067247,4.6455,0.9875366801461539
http://dbpedia.org/resource/Eugene_Wigner,http://dbpedia.org/ontology/birthPlace,http://dbpedia.org/resource/Budapest,1,0.144024,70261.0,1.061232,0.082237,0.82925,0.9824313335232766
http://dbpedia.org/resource/Jean-Jacques_Rousseau,http://dbpedia.org/ontology/deathPlace,http://dbpedia.org/resource/Ermenonville,1,0.062313,396.0,0.0,0.070219,0.02525,0.010076942832976332
http://dbpedia.org/resource/Adelaide_of_Italy,http://dbpedia.org/ontology/deathPlace,http://dbpedia.org/resource/Alsace,1,0.100368,2580.0,0.0,0.077634,0.0265,0.011680063770681537
http://dbpedia.org/resource/Emma_Goldman,http://dbpedia.org/ontology/birthPlace,http://dbpedia.org/resource/Kaunas,1,0.176844,14688.0,0.396404,0.087828,0.079875,0.020923177524582837
http://dbpedia.org/resource/Alfred_Hitchcock,http://dbpedia.org/ontology/birthPlace,http://dbpedia.org/resource/London,1,0.262172,2075801.0,1.347941,0.077036,0.062125,0.2829269798970534
http://dbpedia.org/resource/Joe_Strummer,http://dbpedia.org/ontology/deathPlace,"http://dbpedia.org/resource/Broomfield,_Somerset",1,0.054811,804.0,0.0,0.05886,0.0165,0.009799366274270471
http://dbpedia.org/resource/F._F._E._Yeo-Thomas,http://dbpedia.org/ontology/birthPlace,http://dbpedia.org/resource/London,1,0.076584,182488.0,0.0,0.056491,0.007,0.11490477838488611
"http://dbpedia.org/resource/Christina,_Queen_of_Sweden",http://dbpedia.org/ontology/birthPlace,http://dbpedia.org/resource/Stockholm,1,0.081909,25890.0,0.0,0.065548,0.00025,0.03517072481036321
http://dbpedia.org/resource/Aaliyah,http://dbpedia.org/ontology/birthPlace,http://dbpedia.org/resource/Brooklyn,1,0.161808,341165.0,0.36669,0.074237,0.169,0.5146468651339635
"http://dbpedia.org/resource/Diana,_Princess_of_Wales",http://dbpedia.org/ontology/birthPlace,"http://dbpedia.org/resource/Sandringham,_Norfolk",1,0.153577,110.0,0.0,0.14522,0.00175,0.023706670839909516
http://dbpedia.org/resource/Joseph_Conrad,http://dbpedia.org/ontology/deathPlace,http://dbpedia.org/resource/Bishopsbourne,1,0.107905,238.0,0.123816,0.090724,0.011375,0.015430080918860445
http://dbpedia.org/resource/Amerigo_Vespucci,http://dbpedia.org/ontology/deathPlace,http://dbpedia.org/resource/Seville,1,0.12886,6780.0,0.0,0.071108,0.108,0.06118701846098751
http://dbpedia.org/resource/John_Stuart_Mill,http://dbpedia.org/ontology/birthPlace,http://dbpedia.org/resource/London_Borough_of_Islington,1,0.086752,5740.0,0.096663,0.06469,0.00475,0.010224051592328753
http://dbpedia.org/resource/Henry_I_of_England,http://dbpedia.org/ontology/birthPlace,http://dbpedia.org/resource/Selby,1,0.067449,1298.0,0.0,0.060528,0.00025,0.026872158395216394
http://dbpedia.org/resource/Benoit_Mandelbrot,http://dbpedia.org/ontology/deathPlace,"http://dbpedia.org/resource/Cambridge,_Massachusetts",1,0.093996,15924.0,0.0,0.081741,0.001375,0.015361118259244355
"http://dbpedia.org/resource/Francis_II,_Holy_Roman_Emperor",http://dbpedia.org/ontology/deathPlace,http://dbpedia.org/resource/Vienna,1,0.09988,127743.0,0.936018,0.088178,0.01,0.05465291216545953
http://dbpedia.org/resource/Amerigo_Vespucci,http://dbpedia.org/ontology/birthPlace,http://dbpedia.org/resource/Florence,1,0.162404,11890.0,0.348682,0.077512,0.246125,0.1873901278798933
http://dbpedia.org/resource/Bernardo_O'Higgins,http://dbpedia.org/ontology/deathPlace,http://dbpedia.org/resource/Lima,1,0.303237,34986.0,0.937034,0.097944,0.006875,0.026610077101339225
http://dbpedia.org/resource/Abbas_II_of_Egypt,http://dbpedia.org/ontology/deathPlace,http://dbpedia.org/resource/Geneva,1,0.100491,9153.0,0.0,0.066428,0.00025,0.010793431251752472
http://dbpedia.org/resource/Catherine_of_Aragon,http://dbpedia.org/ontology/birthPlace,http://dbpedia.org/resource/Alcalá_de_Henares,1,0.064277,355.0,0.0,0.056907,0.0,0.02511543270861394
http://dbpedia.org/resource/John_Stuart_Mill,http://dbpedia.org/ontology/deathPlace,http://dbpedia.org/resource/Avignon,1,0.2539,16154.0,0.417032,0.115193,0.044875,0.021694004810558942
http://dbpedia.org/resource/Douglas_Adams,http://dbpedia.org/ontology/birthPlace,http://dbpedia.org/resource/Cambridge,1,0.123388,57550.0,0.144453,0.066796,0.216,0.189520541020319
http://dbpedia.org/resource/John_Peel,http://dbpedia.org/ontology/deathPlace,http://dbpedia.org/resource/Cusco,1,0.047582,1313.0,0.0,0.047316,0.016,0.010793431251752472
http://dbpedia.org/resource/Joris_Ivens,http://dbpedia.org/ontology/deathPlace,http://dbpedia.org/resource/Paris,1,0.123578,251825.0,0.108488,0.064844,1.72075,0.9875337189474436
http://dbpedia.org/resource/John_Peel,http://dbpedia.org/ontology/birthPlace,http://dbpedia.org/resource/Heswall,1,0.068836,260.0,0.0,0.062058,0.00475,0.02511543270861394
http://dbpedia.org/resource/Alfonso_IV_of_Aragon,http://dbpedia.org/ontology/deathPlace,http://dbpedia.org/resource/Barcelona,1,0.127094,27450.0,0.0,0.073842,0.0005,0.014199071762675541
http://dbpedia.org/resource/Ernst_Mayr,http://dbpedia.org/ontology/deathPlace,"http://dbpedia.org/resource/Bedford,_Massachusetts",1,0.053314,931.0,0.0,0.05878,0.009125,0.009799366274270471
http://dbpedia.org/resource/Cornelius_Johnson_(artist),http://dbpedia.org/ontology/birthPlace,http://dbpedia.org/resource/London,1,0.108933,114055.0,0.096663,0.055644,0.9155,0.9841779925230604
http://dbpedia.org/resource/Fay_Wray,http://dbpedia.org/ontology/birthPlace,http://dbpedia.org/resource/Alberta,1,0.084947,328689.0,0.0,0.055191,0.0,0.11490477838488611
http://dbpedia.org/resource/Austen_Henry_Layard,http://dbpedia.org/ontology/birthPlace,http://dbpedia.org/resource/Paris,1,0.166131,151095.0,0.213578,0.067115,0.009625,0.04382547933285963
http://dbpedia.org/resource/Frédéric_Bastiat,http://dbpedia.org/ontology/birthPlace,http://dbpedia.org/resource/Bayonne,1,0.082435,2850.0,0.090548,0.058635,0.04,0.010224051592328753
http://dbpedia.org/resource/André_Weil,http://dbpedia.org/ontology/birthPlace,http://dbpedia.org/resource/Paris,1,0.10989,201460.0,0.724973,0.073082,1.78925,0.9841897423172662
http://dbpedia.org/resource/Joseph_Conrad,http://dbpedia.org/ontology/birthPlace,http://dbpedia.org/resource/Berdychiv,1,0.092104,1530.0,0.0,0.068194,0.014375,0.026872158395216394
http://dbpedia.org/resource/George_Frideric_Handel,http://dbpedia.org/ontology/birthPlace,http://dbpedia.org/resource/Halle_(Saale),1,0.35416,4320.0,1.530224,0.131939,0.044375,0.011064435249418247
http://dbpedia.org/resource/Ivan_Bunin,http://dbpedia.org/ontology/birthPlace,http://dbpedia.org/resource/Voronezh,1,0.092104,4360.0,0.0,0.063469,0.04,0.026872158395216394
http://dbpedia.org/resource/Jean-Jacques_Rousseau,http://dbpedia.org/ontology/birthPlace,http://dbpedia.org/resource/Geneva,1,0.156517,134244.0,0.144412,0.075742,0.201875,0.31470891938953627
http://dbpedia.org/resource/Carlo_Goldoni,http://dbpedia.org/ontology/birthPlace,http://dbpedia.org/resource/Venice,1,0.332034,11508.0,1.229857,0.113503,0.193125,0.07322683466619362
http://dbpedia.org/resource/Joe_Strummer,http://dbpedia.org/ontology/birthPlace,http://dbpedia.org/resource/Ankara,1,0.066497,73097.0,0.0,0.054325,0.180375,0.6795872825585991
http://dbpedia.org/resource/Carlo_Goldoni,http://dbpedia.org/ontology/deathPlace,http://dbpedia.org/resource/Paris,1,0.121496,141022.0,0.108488,0.06188,1.709375,0.9875337189474436
http://dbpedia.org/resource/Ambrose,http://dbpedia.org/ontology/birthPlace,http://dbpedia.org/resource/Trier,1,0.085667,3429.0,0.0,0.079358,0.022,0.02904081154276028
http://dbpedia.org/resource/Alfonso_IV_of_Aragon,http://dbpedia.org/ontology/birthPlace,http://dbpedia.org/resource/Naples,1,0.086699,16030.0,0.0,0.065329,0.0,0.03517072481036321
http://dbpedia.org/resource/André_Weil,http://dbpedia.org/ontology/deathPlace,"http://dbpedia.org/resource/Princeton,_New_Jersey",1,0.087028,10520.0,0.0,0.071583,0.08075,0.01179050084653821
http://dbpedia.org/resource/Emma_Goldman,http://dbpedia.org/ontology/deathPlace,http://dbpedia.org/resource/Kaunas,0,0.893574,14688.0,0.396404,0.141474,0.079875,0.013296117289238296
http://dbpedia.org/resource/John_A._Roebling,http://dbpedia.org/ontology/deathPlace,http://dbpedia.org/resource/Mühlhausen,0,0.893574,306.0,0.0,0.220928,0.006,0.004936578078013398
http://dbpedia.org/resource/James_Clavell,http://dbpedia.org/ontology/deathPlace,http://dbpedia.org/resource/Sydney,0,0.104019,126960.0,0.0,0.056547,0.000125,0.03466565107273212
http://dbpedia.org/resource/Ambrose,http://dbpedia.org/ontology/birthPlace,http://dbpedia.org/resource/Milan,0,0.893574,75654.0,0.125975,0.111881,0.4565,0.19313187656804942
http://dbpedia.org/resource/Frank_Capra,http://dbpedia.org/ontology/deathPlace,http://dbpedia.org/resource/Bisacquino,0,0.054012,396.0,0.0,0.062421,0.0,0.010076942832976332
http://dbpedia.org/resource/Alexander_Kerensky,http://dbpedia.org/ontology/deathPlace,http://dbpedia.org/resource/Ulyanovsk,0,0.893574,2937.0,0.352956,0.182195,0.025375,0.007005437399918435
http://dbpedia.org/resource/Arthur_de_Gobineau,http://dbpedia.org/ontology/deathPlace,http://dbpedia.org/resource/Ville-d'Avray,0,0.893574,260.0,0.0,0.250267,0.004875,0.004936578078013398
http://dbpedia.org/resource/Eugene_Wigner,http://dbpedia.org/ontology/deathPlace,http://dbpedia.org/resource/Budapest,0,0.893574,70261.0,1.061232,0.107218,0.82925,0.9896498479174354
http://dbpedia.org/resource/George_Frideric_Handel,http://dbpedia.org/ontology/deathPlace,http://dbpedia.org/resource/Halle_(Saale),0,0.893574,4320.0,1.530224,0.154306,0.044375,0.007005437399918435
http://dbpedia.org/resource/Douglas_Adams,http://dbpedia.org/ontology/birthPlace,"http://dbpedia.org/resource/Santa_Barbara,_California",0,0.129734,37250.0,0.0,0.075996,0.0035,0.05285086694325147
http://dbpedia.org/resource/Catherine_of_Aragon,http://dbpedia.org/ontology/birthPlace,http://dbpedia.org/resource/Huntingdonshire,0,0.060499,885.0,0.0,0.062229,0.0,0.024433834897616413
http://dbpedia.org/resource/Alfonso_IV_of_Aragon,http://dbpedia.org/ontology/birthPlace,http://dbpedia.org/resource/Barcelona,0,0.121093,27450.0,0.0,0.073842,0.0005,0.03517072481036321
http://dbpedia.org/resource/Douglas_Adams,http://dbpedia.org/ontology/deathPlace,http://dbpedia.org/resource/Cambridge,0,0.893574,57550.0,0.144453,0.124249,0.216,0.28657101343841673
http://dbpedia.org/resource/Joseph_Conrad,http://dbpedia.org/ontology/birthPlace,http://dbpedia.org/resource/Bishopsbourne,0,0.893574,238.0,0.123816,0.339454,0.011375,0.0036883998424911413
http://dbpedia.org/resource/Alfonso_IV_of_Aragon,http://dbpedia.org/ontology/deathPlace,http://dbpedia.org/resource/Naples,0,0.092856,16030.0,0.0,0.065329,0.0,0.014199071762675541
http://dbpedia.org/resource/Arthur_de_Gobineau,http://dbpedia.org/ontology/birthPlace,http://dbpedia.org/resource/Turin,0,0.893574,16510.0,0.266214,0.122748,0.247875,0.2170105626290112
"http://dbpedia.org/resource/Albert_VII,_Archduke_of_Austria",http://dbpedia.org/ontology/deathPlace,http://dbpedia.org/resource/Wiener_Neustadt,0,0.064142,930.0,0.0,0.06119,0.0,0.009799366274270471
http://dbpedia.org/resource/Joseph_Conrad,http://dbpedia.org/ontology/deathPlace,http://dbpedia.org/resource/Berdychiv,0,0.893574,1530.0,0.0,0.208045,0.014375,0.005289530436152545
http://dbpedia.org/resource/Catherine_of_Aragon,http://dbpedia.org/ontology/deathPlace,http://dbpedia.org/resource/Alcalá_de_Henares,0,0.069074,355.0,0.0,0.056907,0.0,0.010076942832976332
http://dbpedia.org/resource/Joris_Ivens,http://dbpedia.org/ontology/deathPlace,http://dbpedia.org/resource/Nijmegen,0,0.893574,5800.0,0.105761,0.155117,0.0755,0.028067884357618533
http://dbpedia.org/resource/Gregory_Bateson,http://dbpedia.org/ontology/deathPlace,http://dbpedia.org/resource/Grantchester,0,0.893574,650.0,0.0,0.280509,0.011125,0.0035186595450774627
http://dbpedia.org/resource/James_Wilkinson,http://dbpedia.org/ontology/birthPlace,http://dbpedia.org/resource/Mexico_City,0,0.893574,124180.0,0.700454,0.106414,1.416125,0.9875527839605592
http://dbpedia.org/resource/Ivan_Bunin,http://dbpedia.org/ontology/deathPlace,http://dbpedia.org/resource/Voronezh,0,0.893574,4360.0,0.0,0.156629,0.04,0.005289530436152545
http://dbpedia.org/resource/J._R._R._Tolkien,http://dbpedia.org/ontology/deathPlace,http://dbpedia.org/resource/Bloemfontein,0,0.893574,39867.0,0.222232,0.14985,0.073375,0.044887037973293964
http://dbpedia.org/resource/Gregory_Bateson,http://dbpedia.org/ontology/birthPlace,http://dbpedia.org/resource/San_Francisco,0,0.113513,267500.0,0.217147,0.073474,0.005375,0.04382547933285963
http://dbpedia.org/resource/Jean-Jacques_Rousseau,http://dbpedia.org/ontology/birthPlace,http://dbpedia.org/resource/Ermenonville,0,0.893574,396.0,0.0,0.476505,0.02525,0.0049622774918144374
http://dbpedia.org/resource/Alfred_Hitchcock,http://dbpedia.org/ontology/birthPlace,"http://dbpedia.org/resource/Bel_Air,_Los_Angeles",0,0.893574,3458.0,0.378093,0.215629,0.039625,0.004130813469397143
http://dbpedia.org/resource/F._F._E._Yeo-Thomas,http://dbpedia.org/ontology/deathPlace,http://dbpedia.org/resource/London,0,0.081084,182488.0,0.0,0.056491,0.007,0.03466565107273212
http://dbpedia.org/resource/Ernst_Mayr,http://dbpedia.org/ontology/deathPlace,http://dbpedia.org/resource/Kempten,0,0.893574,817.0,0.0,0.210031,0.008375,0.004799909961439641
http://dbpedia.org/resource/Frank_Capra,http://dbpedia.org/ontology/birthPlace,"http://dbpedia.org/resource/La_Quinta,_California",0,0.063945,1716.0,0.0,0.065209,0.00025,0.026872158395216394
http://dbpedia.org/resource/Ivan_Bunin,http://dbpedia.org/ontology/birthPlace,http://dbpedia.org/resource/Paris,0,0.893574,201460.0,0.199036,0.09787,2.66625,0.9875527839605592
http://dbpedia.org/resource/Carlo_Goldoni,http://dbpedia.org/ontology/deathPlace,http://dbpedia.org/resource/Venice,0,0.893574,11508.0,1.229857,0.129672,0.193125,0.16652914826746812
http://dbpedia.org/resource/Anton_Chekhov,http://dbpedia.org/ontology/birthPlace,http://dbpedia.org/resource/Badenweiler,0,0.893574,1340.0,0.0,0.302793,0.01875,0.00859205056029999
http://dbpedia.org/resource/Austen_Henry_Layard,http://dbpedia.org/ontology/deathPlace,http://dbpedia.org/resource/Paris,0,0.146762,151095.0,0.213578,0.067115,0.009625,0.050671461900661185
http://dbpedia.org/resource/John_A._Macdonald,http://dbpedia.org/ontology/birthPlace,http://dbpedia.org/resource/Ottawa,0,0.893574,180230.0,0.841355,0.112394,0.842,0.9875527839605592
http://dbpedia.org/resource/Joe_Strummer,http://dbpedia.org/ontology/deathPlace,http://dbpedia.org/resource/Ankara,0,0.893574,73097.0,0.0,0.125081,0.180375,0.3961384453122079
"http://dbpedia.org/resource/Albert_VII,_Archduke_of_Austria",http://dbpedia.org/ontology/birthPlace,http://dbpedia.org/resource/Brussels,0,0.089123,29055.0,0.0,0.088676,0.00025,0.05081246275202689
http://dbpedia.org/resource/Anton_Chekhov,http://dbpedia.org/ontology/deathPlace,http://dbpedia.org/resource/Taganrog,0,0.893574,24790.0,1.590353,0.160763,0.05775,0.01740479229743941
http://dbpedia.org/resource/Benoit_Mandelbrot,http://dbpedia.org/ontology/deathPlace,http://dbpedia.org/resource/Warsaw,0,0.092955,37044.0,0.0,0.076464,0.000875,0.018869777316672054
http://dbpedia.org/resource/George_Frideric_Handel,http://dbpedia.org/ontology/birthPlace,http://dbpedia.org/resource/London,0,0.893574,410598.0,0.196315,0.090621,4.32875,0.9875527839605592
http://dbpedia.org/resource/Adelaide_of_Italy,http://dbpedia.org/ontology/deathPlace,http://dbpedia.org/resource/Orbe,0,0.893574,330.0,0.0,0.244436,0.004625,0.004936578078013398
http://dbpedia.org/resource/James_Wilkinson,http://dbpedia.org/ontology/deathPlace,"http://dbpedia.org/resource/Benedict,_Maryland",0,0.156259,112.0,0.220624,0.144532,0.002875,0.013454465036357499
http://dbpedia.org/resource/Aaliyah,http://dbpedia.org/ontology/deathPlace,http://dbpedia.org/resource/Brooklyn,0,0.161024,341165.0,0.36669,0.074237,0.169,0.5525396454235374
http://dbpedia.org/resource/Hawley_Harvey_Crippen,http://dbpedia.org/ontology/birthPlace,http://dbpedia.org/resource/London,0,0.893574,136866.0,0.196315,0.090621,4.3265,0.9875527839605592
http://dbpedia.org/resource/Abbas_II_of_Egypt,http://dbpedia.org/ontology/birthPlace,http://dbpedia.org/resource/Geneva,0,0.092233,9153.0,0.0,0.066428,0.00025,0.026872158395216394
http://dbpedia.org/resource/Joris_Ivens,http://dbpedia.org/ontology/birthPlace,http://dbpedia.org/resource/Paris,0,0.893574,251825.0,0.108488,0.09787,1.72075,0.9875464607672845
http://dbpedia.org/resource/John_A._Roebling,http://dbpedia.org/ontology/birthPlace,http://dbpedia.org/resource/New_York_City,0,0.893574,216117.0,0.459818,0.090201,3.539625,0.9875527839605592
http://dbpedia.org/resource/John_Stuart_Mill,http://dbpedia.org/ontology/deathPlace,http://dbpedia.org/resource/London_Borough_of_Islington,0,0.077492,5740.0,0.096663,0.06469,0.00475,0.01527241815589142
http://dbpedia.org/resource/Jean-Jacques_Rousseau,http://dbpedia.org/ontology/deathPlace,http://dbpedia.org/resource/Geneva,0,0.893574,134244.0,0.144412,0.126189,0.201875,0.4738830191778637
http://dbpedia.org/resource/Cornelius_Johnson_(artist),http://dbpedia.org/ontology/deathPlace,http://dbpedia.org/resource/London,0,0.123298,114055.0,0.096663,0.055644,0.9155,0.9875337189474436
"http://dbpedia.org/resource/Francis_II,_Holy_Roman_Emperor",http://dbpedia.org/ontology/birthPlace,http://dbpedia.org/resource/Vienna,0,0.097074,127743.0,0.936018,0.088178,0.01,0.047295813679648635
http://dbpedia.org/resource/Fay_Wray,http://dbpedia.org/ontology/deathPlace,http://dbpedia.org/resource/Alberta,0,0.088136,328689.0,0.0,0.055191,0.0,0.03466565107273212
http://dbpedia.org/resource/Eduard_von_Böhm-Ermolli,http://dbpedia.org/ontology/birthPlace,http://dbpedia.org/resource/Opava,0,0.06653,1023.0,0.0,0.060184,0.0,0.024433834897616413
http://dbpedia.org/resource/Abd_al-Rahman_I,http://dbpedia.org/ontology/birthPlace,"http://dbpedia.org/resource/Córdoba,_Spain",0,0.080343,1680.0,0.0,0.072711,0.0,0.026872158395216394
http://dbpedia.org/resource/Fay_Wray,http://dbpedia.org/ontology/birthPlace,http://dbpedia.org/resource/New_York_City,0,0.166241,1416767.0,0.276938,0.06804,0.009875,0.04866178447800129
http://dbpedia.org/resource/John_von_Neumann,http://dbpedia.org/ontology/birthPlace,"http://dbpedia.org/resource/Washington,_D.C.",0,0.893574,1203684.0,0.195641,0.099963,1.7905,0.9875527839605592
http://dbpedia.org/resource/Amerigo_Vespucci,http://dbpedia.org/ontology/birthPlace,http://dbpedia.org/resource/Seville,0,0.893574,6780.0,0.0,0.132994,0.108,0.07853506728765258
http://dbpedia.org/resource/Henry_Moseley,http://dbpedia.org/ontology/birthPlace,http://dbpedia.org/resource/Gelibolu,0,0.090476,360.0,0.0,0.075922,0.000875,0.027146268385072947
http://dbpedia.org/resource/F._F._E._Yeo-Thomas,http://dbpedia.org/ontology/birthPlace,http://dbpedia.org/resource/Paris,0,0.073804,80584.0,0.0,0.059226,0.02775,0.07825744236590138
http://dbpedia.org/resource/Henry_Moseley,http://dbpedia.org/ontology/deathPlace,"http://dbpedia.org/resource/Weymouth,_Dorset",0,0.893574,1605.0,0.141226,0.176279,0.02925,0.007005437399918435
http://dbpedia.org/resource/Abd_al-Rahman_I,http://dbpedia.org/ontology/deathPlace,http://dbpedia.org/resource/Damascus,0,0.097114,5355.0,0.0,0.070612,0.0,0.010793431251752472
http://dbpedia.org/resource/C._S._Forester,http://dbpedia.org/ontology/deathPlace,http://dbpedia.org/resource/Cairo,0,0.893574,54990.0,0.348404,0.117458,0.317625,0.11533228910493587
http://dbpedia.org/resource/Hawley_Harvey_Crippen,http://dbpedia.org/ontology/deathPlace,"http://dbpedia.org/resource/Coldwater,_Michigan",0,0.893574,396.0,0.0,0.192691,0.010625,0.004936578078013398
http://dbpedia.org/resource/John_Peel,http://dbpedia.org/ontology/birthPlace,http://dbpedia.org/resource/Cusco,0,0.893574,1313.0,0.0,0.178091,0.016,0.00988942794565939
"http://dbpedia.org/resource/Christina,_Queen_of_Sweden",http://dbpedia.org/ontology/birthPlace,http://dbpedia.org/resource/Rome,0,0.077242,37818.0,0.0,0.051436,0.0,0.048993891511661225
http://dbpedia.org/resource/John_Peel,http://dbpedia.org/ontology/deathPlace,http://dbpedia.org/resource/Heswall,0,0.893574,260.0,0.0,0.250267,0.00475,0.004936578078013398
http://dbpedia.org/resource/André_Weil,http://dbpedia.org/ontology/birthPlace,"http://dbpedia.org/resource/Princeton,_New_Jersey",0,0.893574,10520.0,0.0,0.137641,0.08075,0.015362580399654102
http://dbpedia.org/resource/John_von_Neumann,http://dbpedia.org/ontology/deathPlace,http://dbpedia.org/resource/Budapest,0,0.893574,611684.0,1.890915,0.107218,0.93,0.9895446458568213
http://dbpedia.org/resource/Eugene_Wigner,http://dbpedia.org/ontology/birthPlace,"http://dbpedia.org/resource/Princeton,_New_Jersey",0,0.893574,8942.0,0.0,0.137641,0.07525,0.04227304032332313
http://dbpedia.org/resource/Emma_Goldman,http://dbpedia.org/ontology/birthPlace,http://dbpedia.org/resource/Toronto,0,0.893574,298486.0,0.110131,0.099205,1.332375,0.9875464607672845
http://dbpedia.org/resource/Augustus_II_the_Strong,http://dbpedia.org/ontology/deathPlace,http://dbpedia.org/resource/Dresden,0,0.192654,15290.0,0.0,0.093266,0.000875,0.015361118259244355
http://dbpedia.org/resource/Frédéric_Bastiat,http://dbpedia.org/ontology/birthPlace,http://dbpedia.org/resource/Rome,0,0.893574,119757.0,0.261189,0.102577,1.2525,0.9875527839605592
"http://dbpedia.org/resource/Francis_II,_Holy_Roman_Emperor",http://dbpedia.org/ontology/deathPlace,http://dbpedia.org/resource/Florence,0,0.128807,39237.0,0.0,0.074633,0.000375,0.017447008927911845
http://dbpedia.org/resource/Eduard_von_Böhm-Ermolli,http://dbpedia.org/ontology/deathPlace,http://dbpedia.org/resource/Ancona,0,0.05291,1573.0,0.0,0.060211,0.000375,0.010793431251752472
http://dbpedia.org/resource/Austen_Henry_Layard,http://dbpedia.org/ontology/birthPlace,http://dbpedia.org/resource/London,0,0.20394,342165.0,0.712288,0.074976,0.06475,0.17313110557862998
http://dbpedia.org/resource/Joe_Strummer,http://dbpedia.org/ontology/birthPlace,"http://dbpedia.org/resource/Broomfield,_Somerset",0,0.893574,804.0,0.0,0.286952,0.0165,0.00859205056029999
"http://dbpedia.org/resource/Christina,_Queen_of_Sweden",http://dbpedia.org/ontology/deathPlace,http://dbpedia.org/resource/Stockholm,0,0.097584,25890.0,0.0,0.065548,0.00025,0.014199071762675541
http://dbpedia.org/resource/Irenaeus,http://dbpedia.org/ontology/birthPlace,http://dbpedia.org/resource/Lyon,0,0.259546,12696.0,0.648658,0.102502,0.090875,0.012427256560898936
http://dbpedia.org/resource/Cornelius_Johnson_(artist),http://dbpedia.org/ontology/birthPlace,http://dbpedia.org/resource/Utrecht,0,0.893574,3060.0,0.105761,0.13483,0.153,0.11525857679310858
http://dbpedia.org/resource/Alfred_Hitchcock,http://dbpedia.org/ontology/deathPlace,http://dbpedia.org/resource/London,0,0.27786,2075801.0,1.347941,0.077036,0.062125,0.314825331420419
http://dbpedia.org/resource/Adelaide_of_Italy,http://dbpedia.org/ontology/birthPlace,http://dbpedia.org/resource/Alsace,0,0.893574,2580.0,0.0,0.162668,0.0265,0.00988942794565939
http://dbpedia.org/resource/Frédéric_Bastiat,http://dbpedia.org/ontology/deathPlace,http://dbpedia.org/resource/Bayonne,0,0.893574,2850.0,0.090548,0.166372,0.04,0.007005437399918435
http://dbpedia.org/resource/John_Stuart_Mill,http://dbpedia.org/ontology/birthPlace,http://dbpedia.org/resource/Avignon,0,0.893574,16154.0,0.417032,0.159154,0.044875,0.00544577818802483
http://dbpedia.org/resource/Carlo_Goldoni,http://dbpedia.org/ontology/birthPlace,http://dbpedia.org/resource/Paris,0,0.893574,141022.0,0.108488,0.09787,1.709375,0.9875464607672845
http://dbpedia.org/resource/Benoit_Mandelbrot,http://dbpedia.org/ontology/birthPlace,"http://dbpedia.org/resource/Cambridge,_Massachusetts",0,0.084959,15924.0,0.0,0.081741,0.001375,0.037982953640896766
http://dbpedia.org/resource/Aaliyah,http://dbpedia.org/ontology/birthPlace,http://dbpedia.org/resource/Marsh_Harbour,0,0.893574,495.0,0.5092,0.312771,0.019,0.0036883998424911413
http://dbpedia.org/resource/Henry_I_of_England,http://dbpedia.org/ontology/birthPlace,http://dbpedia.org/resource/Lyons-la-Forêt,0,0.072698,66.0,0.0,0.08401,0.0,0.023706670839909516
http://dbpedia.org/resource/James_Clavell,http://dbpedia.org/ontology/birthPlace,http://dbpedia.org/resource/Vevey,0,0.893574,1748.0,0.0,0.187591,0.019125,0.00988942794565939
http://dbpedia.org/resource/Irenaeus,http://dbpedia.org/ontology/deathPlace,http://dbpedia.org/resource/İzmir,0,0.118086,6540.0,0.100354,0.077524,0.05025,0.016520834772577486
http://dbpedia.org/resource/Ernst_Mayr,http://dbpedia.org/ontology/birthPlace,"http://dbpedia.org/resource/Bedford,_Massachusetts",0,0.893574,931.0,0.0,0.204423,0.009125,0.00897786519794519
http://dbpedia.org/resource/J._R._R._Tolkien,http://dbpedia.org/ontology/birthPlace,http://dbpedia.org/resource/Bournemouth,0,0.893574,60691.0,0.849342,0.140973,0.098875,0.09848939041456628
http://dbpedia.org/resource/Henry_I_of_England,http://dbpedia.org/ontology/deathPlace,http://dbpedia.org/resource/Selby,0,0.071653,1298.0,0.0,0.060528,0.00025,0.010793431251752472
http://dbpedia.org/resource/Bernardo_O'Higgins,http://dbpedia.org/ontology/deathPlace,http://dbpedia.org/resource/Chillán,0,0.292667,903.0,0.558111,0.152603,0.003875,0.01500728380394556
"http://dbpedia.org/resource/Diana,_Princess_of_Wales",http://dbpedia.org/ontology/birthPlace,http://dbpedia.org/resource/Paris,0,0.108899,221606.0,0.352956,0.076623,0.002625,0.047295813679648635
http://dbpedia.org/resource/Amerigo_Vespucci,http://dbpedia.org/ontology/deathPlace,http://dbpedia.org/resource/Florence,0,0.893574,11890.0,0.348682,0.123749,0.246125,0.22792558269506247
http://dbpedia.org/resource/C._S._Forester,http://dbpedia.org/ontology/birthPlace,"http://dbpedia.org/resource/Fullerton,_California",0,0.893574,5790.0,0.0,0.159676,0.028875,0.00988942794565939
http://dbpedia.org/resource/Bernardo_O'Higgins,http://dbpedia.org/ontology/birthPlace,http://dbpedia.org/resource/Lima,0,0.267824,34986.0,0.937034,0.097944,0.006875,0.020446334759129048
http://dbpedia.org/resource/John_A._Macdonald,http://dbpedia.org/ontology/deathPlace,http://dbpedia.org/resource/Glasgow,0,0.893574,305118.0,0.227296,0.106115,0.837,0.9895446458568213
http://dbpedia.org/resource/Augustus_II_the_Strong,http://dbpedia.org/ontology/birthPlace,http://dbpedia.org/resource/Warsaw,0,0.119766,67914.0,0.0,0.072804,0.0015,0.06714902807362588
http://dbpedia.org/resource/André_Weil,http://dbpedia.org/ontology/deathPlace,http://dbpedia.org/resource/Paris,0,0.893574,201460.0,0.724973,0.09787,1.78925,0.9895446458568213
http://dbpedia.org/resource/Abbas_II_of_Egypt,http://dbpedia.org/ontology/deathPlace,http://dbpedia.org/resource/Alexandria,0,0.123991,5688.0,0.0,0.078208,0.002625,0.011680063770681537
http://dbpedia.org/resource/Alexander_Kerensky,http://dbpedia.org/ontology/birthPlace,http://dbpedia.org/resource/New_York_City,0,0.893574,792429.0,0.199565,0.090201,4.6455,0.9875527839605592
"http://dbpedia.org/resource/Diana,_Princess_of_Wales",http://dbpedia.org/ontology/deathPlace,"http://dbpedia.org/resource/Sandringham,_Norfolk",0,0.151797,110.0,0.0,0.14522,0.00175,0.009503489150439859
