subject,predicate,object,truth,adamic_adar,kl,simrank,degree_product,kl_rel,predpath,pathent,ensemble_score
http://dbpedia.org/resource/Gregory_Bateson,http://dbpedia.org/ontology/birthPlace,http://dbpedia.org/resource/Grantchester,1,0.0,0.073111,0.000169,650.0,0.059209,1.0,2914.342512,0.025727062389202637
http://dbpedia.org/resource/C._S._Forester,http://dbpedia.org/ontology/birthPlace,http://dbpedia.org/resource/Cairo,1,0.348404,0.075999,0.000114,54990.0,0.167179,1.0,4181.19376,0.0035496961051891818
http://dbpedia.org/resource/Emma_Goldman,http://dbpedia.org/ontology/deathPlace,http://dbpedia.org/resource/Toronto,1,0.110131,0.059937,3.6e-05,298486.0,0.113571,1.0,7992.352738,0.023676261566086598
http://dbpedia.org/resource/Abd_al-Rahman_I,http://dbpedia.org/ontology/birthPlace,http://dbpedia.org/resource/Damascus,1,0.0,0.070612,3.1e-05,5355.0,0.089922,1.0,-12.01276,0.007211048193626501
http://dbpedia.org/resource/Augustus_II_the_Strong,http://dbpedia.org/ontology/deathPlace,http://dbpedia.org/resource/Warsaw,1,0.0,0.072804,0.00017,67914.0,0.136758,0.0,252.210959,0.5274125234089657
http://dbpedia.org/resource/Augustus_II_the_Strong,http://dbpedia.org/ontology/birthPlace,http://dbpedia.org/resource/Dresden,1,0.0,0.093266,8.5e-05,15290.0,0.17004,1.0,294.820211,0.0035496961051891818
http://dbpedia.org/resource/Hawley_Harvey_Crippen,http://dbpedia.org/ontology/deathPlace,http://dbpedia.org/resource/London,1,0.196315,0.06543,0.000377,136866.0,0.178592,1.0,2658.249021,0.023676261566086598
http://dbpedia.org/resource/J._R._R._Tolkien,http://dbpedia.org/ontology/deathPlace,http://dbpedia.org/resource/Bournemouth,1,0.849342,0.112545,0.000139,60691.0,0.309026,1.0,7205.996637,0.03508755043980094
http://dbpedia.org/resource/Abbas_II_of_Egypt,http://dbpedia.org/ontology/birthPlace,http://dbpedia.org/resource/Alexandria,1,0.0,0.078208,0.000271,5688.0,0.111966,1.0,421.423598,0.006741074868726549
http://dbpedia.org/resource/John_von_Neumann,http://dbpedia.org/ontology/birthPlace,http://dbpedia.org/resource/Budapest,1,1.890915,0.086776,0.000119,611684.0,0.239746,1.0,4162.407144,0.006049938629499763
http://dbpedia.org/resource/Joris_Ivens,http://dbpedia.org/ontology/birthPlace,http://dbpedia.org/resource/Nijmegen,1,0.105761,0.063347,0.000184,5800.0,0.082732,1.0,48075.214562,0.005134306920338116
http://dbpedia.org/resource/Benoit_Mandelbrot,http://dbpedia.org/ontology/birthPlace,http://dbpedia.org/resource/Warsaw,1,0.0,0.076464,7e-05,37044.0,0.085827,1.0,245.737563,0.0022922575712662763
http://dbpedia.org/resource/J._R._R._Tolkien,http://dbpedia.org/ontology/birthPlace,http://dbpedia.org/resource/Bloemfontein,1,0.222232,0.0895,4.6e-05,39867.0,0.17132,1.0,8441.21223,0.0035496961051891818
http://dbpedia.org/resource/Anton_Chekhov,http://dbpedia.org/ontology/birthPlace,http://dbpedia.org/resource/Taganrog,1,1.590353,0.127717,0.001073,24790.0,0.257007,1.0,4067.554178,0.009360774705546304
http://dbpedia.org/resource/Aaliyah,http://dbpedia.org/ontology/deathPlace,http://dbpedia.org/resource/Marsh_Harbour,1,0.5092,0.165825,0.001485,495.0,0.247445,1.0,7915.943901,0.03647394549043814
http://dbpedia.org/resource/Ivan_Bunin,http://dbpedia.org/ontology/deathPlace,http://dbpedia.org/resource/Paris,1,0.199036,0.059535,0.000502,201460.0,0.110485,1.0,3322.896622,0.023676261566086598
http://dbpedia.org/resource/Alexander_Kerensky,http://dbpedia.org/ontology/birthPlace,http://dbpedia.org/resource/Ulyanovsk,1,0.352956,0.120166,0.000333,2937.0,0.239784,1.0,4058.587262,0.03008362031045686
http://dbpedia.org/resource/Ernst_Mayr,http://dbpedia.org/ontology/birthPlace,http://dbpedia.org/resource/Kempten,1,0.0,0.068387,9.3e-05,817.0,0.088773,1.0,1568.478536,0.018165702230058534
http://dbpedia.org/resource/Austen_Henry_Layard,http://dbpedia.org/ontology/deathPlace,http://dbpedia.org/resource/London,1,0.712288,0.074976,0.000478,342165.0,0.203434,1.0,4371.901115,0.041583070393378385
http://dbpedia.org/resource/Douglas_Adams,http://dbpedia.org/ontology/deathPlace,"http://dbpedia.org/resource/Santa_Barbara,_California",1,0.0,0.075996,2.7e-05,37250.0,0.133754,1.0,453.318062,0.023676261566086598
http://dbpedia.org/resource/James_Wilkinson,http://dbpedia.org/ontology/birthPlace,"http://dbpedia.org/resource/Benedict,_Maryland",1,0.220624,0.144532,0.00211,112.0,0.174993,1.0,65.662996,0.042543161321521694
http://dbpedia.org/resource/Arthur_de_Gobineau,http://dbpedia.org/ontology/birthPlace,http://dbpedia.org/resource/Ville-d'Avray,1,0.0,0.091071,0.00106,260.0,0.117686,1.0,880.87786,0.042543161321521694
"http://dbpedia.org/resource/Francis_II,_Holy_Roman_Emperor",http://dbpedia.org/ontology/birthPlace,http://dbpedia.org/resource/Florence,1,0.0,0.074633,3.3e-05,39237.0,0.11799,1.0,75.799053,0.0035496961051891818
http://dbpedia.org/resource/John_A._Roebling,http://dbpedia.org/ontology/birthPlace,http://dbpedia.org/resource/Mühlhausen,1,0.0,0.095077,0.000108,306.0,0.092498,1.0,1331.087317,0.027858927221496188
http://dbpedia.org/resource/Cornelius_Johnson_(artist),http://dbpedia.org/ontology/deathPlace,http://dbpedia.org/resource/Utrecht,1,0.105761,0.069671,0.000419,3060.0,0.126003,0.0,4202.850869,0.24852880403610145
http://dbpedia.org/resource/John_A._Macdonald,http://dbpedia.org/ontology/deathPlace,http://dbpedia.org/resource/Ottawa,1,0.841355,0.092224,0.000484,180230.0,0.271728,1.0,4381.721602,0.0564349067005957
http://dbpedia.org/resource/John_A._Roebling,http://dbpedia.org/ontology/deathPlace,http://dbpedia.org/resource/New_York_City,1,0.459818,0.072156,0.0004,216117.0,0.170672,1.0,2522.56036,0.023676261566086598
http://dbpedia.org/resource/James_Wilkinson,http://dbpedia.org/ontology/deathPlace,http://dbpedia.org/resource/Mexico_City,1,0.700454,0.106414,0.000105,124180.0,0.805212,1.0,3684.491273,0.06603720198478713
http://dbpedia.org/resource/Arthur_de_Gobineau,http://dbpedia.org/ontology/deathPlace,http://dbpedia.org/resource/Turin,1,0.266214,0.062247,0.000151,16510.0,0.106688,1.0,4256.723654,0.023676261566086598
http://dbpedia.org/resource/Frédéric_Bastiat,http://dbpedia.org/ontology/deathPlace,http://dbpedia.org/resource/Rome,1,0.261189,0.062314,0.000111,119757.0,0.121024,1.0,9741.325251,0.023676261566086598
http://dbpedia.org/resource/Adelaide_of_Italy,http://dbpedia.org/ontology/birthPlace,http://dbpedia.org/resource/Orbe,1,0.0,0.065264,0.00059,330.0,0.051812,1.0,872.429811,0.05202944771511808
"http://dbpedia.org/resource/Albert_VII,_Archduke_of_Austria",http://dbpedia.org/ontology/birthPlace,http://dbpedia.org/resource/Wiener_Neustadt,1,0.0,0.06119,3.2e-05,930.0,0.06023,1.0,-14.538223,0.08776556864127238
http://dbpedia.org/resource/Irenaeus,http://dbpedia.org/ontology/birthPlace,http://dbpedia.org/resource/İzmir,1,0.100354,0.077524,0.000142,6540.0,0.134135,1.0,3550.124245,0.006741074868726549
http://dbpedia.org/resource/Henry_Moseley,http://dbpedia.org/ontology/birthPlace,"http://dbpedia.org/resource/Weymouth,_Dorset",1,0.141226,0.078409,0.000293,1605.0,0.122434,1.0,4694.308851,0.030702696986546818
http://dbpedia.org/resource/Eduard_von_Böhm-Ermolli,http://dbpedia.org/ontology/birthPlace,http://dbpedia.org/resource/Ancona,1,0.0,0.060211,3.5e-05,1573.0,0.053969,1.0,31.811331,0.019854460643253136
http://dbpedia.org/resource/Henry_I_of_England,http://dbpedia.org/ontology/deathPlace,http://dbpedia.org/resource/Lyons-la-Forêt,1,0.0,0.08401,0.000767,66.0,0.067186,0.0,-18.354889,0.04002619150205078
http://dbpedia.org/resource/Irenaeus,http://dbpedia.org/ontology/deathPlace,http://dbpedia.org/resource/Lyon,1,0.648658,0.102502,0.001252,12696.0,0.296957,0.0,4319.640951,0.23050693768755492
http://dbpedia.org/resource/F._F._E._Yeo-Thomas,http://dbpedia.org/ontology/deathPlace,http://dbpedia.org/resource/Paris,1,0.0,0.059226,7.9e-05,80584.0,0.078266,0.0,3289.969428,0.40889449051715787
http://dbpedia.org/resource/Eugene_Wigner,http://dbpedia.org/ontology/deathPlace,"http://dbpedia.org/resource/Princeton,_New_Jersey",1,0.0,0.083965,0.00019,8942.0,0.082176,1.0,4175.967395,0.018106494006683627
http://dbpedia.org/resource/Anton_Chekhov,http://dbpedia.org/ontology/deathPlace,http://dbpedia.org/resource/Badenweiler,1,0.0,0.099431,0.000127,1340.0,0.122548,1.0,3316.483914,0.024098714547491684
"http://dbpedia.org/resource/Diana,_Princess_of_Wales",http://dbpedia.org/ontology/deathPlace,http://dbpedia.org/resource/Paris,1,0.352956,0.076623,0.000166,221606.0,0.133713,0.0,27.665736,0.5274125234089657
http://dbpedia.org/resource/Abd_al-Rahman_I,http://dbpedia.org/ontology/deathPlace,"http://dbpedia.org/resource/Córdoba,_Spain",1,0.0,0.072711,7.2e-05,1680.0,0.093226,0.0,-13.685083,0.048729442110791
http://dbpedia.org/resource/Frank_Capra,http://dbpedia.org/ontology/birthPlace,http://dbpedia.org/resource/Bisacquino,1,0.0,0.062421,1.1e-05,396.0,0.057957,1.0,-15.769936,0.16681308919546145
"http://dbpedia.org/resource/Albert_VII,_Archduke_of_Austria",http://dbpedia.org/ontology/deathPlace,http://dbpedia.org/resource/Brussels,1,0.0,0.088676,0.00017,29055.0,0.099406,0.0,34.054267,0.5749011270477031
http://dbpedia.org/resource/Catherine_of_Aragon,http://dbpedia.org/ontology/deathPlace,http://dbpedia.org/resource/Huntingdonshire,1,0.0,0.062229,6.1e-05,885.0,0.061096,0.0,-14.609771,0.055411881406065566
http://dbpedia.org/resource/C._S._Forester,http://dbpedia.org/ontology/deathPlace,"http://dbpedia.org/resource/Fullerton,_California",1,0.0,0.049798,4.8e-05,5790.0,0.056259,1.0,4267.627345,0.004912677651448871
http://dbpedia.org/resource/John_von_Neumann,http://dbpedia.org/ontology/deathPlace,"http://dbpedia.org/resource/Washington,_D.C.",1,0.195641,0.067314,5.5e-05,1203684.0,0.108229,1.0,1738.451826,0.023676261566086598
"http://dbpedia.org/resource/Christina,_Queen_of_Sweden",http://dbpedia.org/ontology/deathPlace,http://dbpedia.org/resource/Rome,1,0.0,0.051436,2.3e-05,37818.0,0.074797,0.0,-9.193523,0.20136483372398695
http://dbpedia.org/resource/James_Clavell,http://dbpedia.org/ontology/birthPlace,http://dbpedia.org/resource/Sydney,1,0.0,0.056547,1.2e-05,126960.0,0.093071,1.0,8.418581,0.0022922575712662763
http://dbpedia.org/resource/Henry_Moseley,http://dbpedia.org/ontology/deathPlace,http://dbpedia.org/resource/Gelibolu,1,0.0,0.075922,5.9e-05,360.0,0.096503,1.0,151.553694,0.02391511230349408
http://dbpedia.org/resource/George_Frideric_Handel,http://dbpedia.org/ontology/deathPlace,http://dbpedia.org/resource/London,1,0.196315,0.063235,0.000176,410598.0,0.151825,1.0,2451.406212,0.023676261566086598
http://dbpedia.org/resource/Gregory_Bateson,http://dbpedia.org/ontology/deathPlace,http://dbpedia.org/resource/San_Francisco,1,0.217147,0.073474,9.7e-05,267500.0,0.11347,0.0,449.433678,0.5274125234089657
http://dbpedia.org/resource/Fay_Wray,http://dbpedia.org/ontology/deathPlace,http://dbpedia.org/resource/New_York_City,1,0.276938,0.06804,4.8e-05,1416767.0,0.183026,0.0,1091.203013,0.5022460613672957
http://dbpedia.org/resource/Alfred_Hitchcock,http://dbpedia.org/ontology/deathPlace,"http://dbpedia.org/resource/Bel_Air,_Los_Angeles",1,0.378093,0.121638,0.000164,3458.0,0.188224,1.0,7095.931011,0.009775983735156202
http://dbpedia.org/resource/Frank_Capra,http://dbpedia.org/ontology/deathPlace,"http://dbpedia.org/resource/La_Quinta,_California",1,0.0,0.065209,9e-05,1716.0,0.062664,0.0,26.398006,0.1386310969629938
http://dbpedia.org/resource/Eduard_von_Böhm-Ermolli,http://dbpedia.org/ontology/deathPlace,http://dbpedia.org/resource/Opava,1,0.0,0.060184,5.6e-05,1023.0,0.06237,0.0,-14.400721,0.055411881406065566
http://dbpedia.org/resource/James_Clavell,http://dbpedia.org/ontology/deathPlace,http://dbpedia.org/resource/Vevey,1,0.0,0.077855,0.000132,1748.0,0.108607,1.0,8409.247979,0.02803049416503245
http://dbpedia.org/resource/Hawley_Harvey_Crippen,http://dbpedia.org/ontology/birthPlace,"http://dbpedia.org/resource/Coldwater,_Michigan",1,0.0,0.049677,0.000132,396.0,0.051623,1.0,2570.689749,0.05202944771511808
http://dbpedia.org/resource/John_A._Macdonald,http://dbpedia.org/ontology/birthPlace,http://dbpedia.org/resource/Glasgow,1,0.227296,0.061554,4.3e-05,305118.0,0.096234,1.0,3846.392276,0.0022922575712662763
http://dbpedia.org/resource/Bernardo_O'Higgins,http://dbpedia.org/ontology/birthPlace,http://dbpedia.org/resource/Chillán,1,0.558111,0.152603,0.00141,903.0,0.276648,1.0,252.852652,0.07760827437054385
http://dbpedia.org/resource/Alexander_Kerensky,http://dbpedia.org/ontology/deathPlace,http://dbpedia.org/resource/New_York_City,1,0.199565,0.067247,4.9e-05,792429.0,0.115626,1.0,2419.615756,0.023676261566086598
http://dbpedia.org/resource/Eugene_Wigner,http://dbpedia.org/ontology/birthPlace,http://dbpedia.org/resource/Budapest,1,1.061232,0.082237,0.000476,70261.0,0.144024,0.0,4107.356831,0.4000337853938779
http://dbpedia.org/resource/Jean-Jacques_Rousseau,http://dbpedia.org/ontology/deathPlace,http://dbpedia.org/resource/Ermenonville,1,0.0,0.070219,0.000559,396.0,0.062313,1.0,7177.457578,0.054473739933972976
http://dbpedia.org/resource/Adelaide_of_Italy,http://dbpedia.org/ontology/deathPlace,http://dbpedia.org/resource/Alsace,1,0.0,0.077634,0.000245,2580.0,0.100368,1.0,4652.011751,0.02134124924352898
http://dbpedia.org/resource/Emma_Goldman,http://dbpedia.org/ontology/birthPlace,http://dbpedia.org/resource/Kaunas,1,0.396404,0.087828,0.000126,14688.0,0.176844,1.0,5237.361897,0.0035496961051891818
http://dbpedia.org/resource/Alfred_Hitchcock,http://dbpedia.org/ontology/birthPlace,http://dbpedia.org/resource/London,1,1.347941,0.077036,7.8e-05,2075801.0,0.262172,1.0,3006.419576,0.01180371979603867
http://dbpedia.org/resource/Joe_Strummer,http://dbpedia.org/ontology/deathPlace,"http://dbpedia.org/resource/Broomfield,_Somerset",1,0.0,0.05886,0.000216,804.0,0.054811,1.0,11619.950091,0.014100629682871957
http://dbpedia.org/resource/F._F._E._Yeo-Thomas,http://dbpedia.org/ontology/birthPlace,http://dbpedia.org/resource/London,1,0.0,0.056491,5.6e-05,182488.0,0.076584,1.0,779.453742,0.0027015398352867592
"http://dbpedia.org/resource/Christina,_Queen_of_Sweden",http://dbpedia.org/ontology/birthPlace,http://dbpedia.org/resource/Stockholm,1,0.0,0.065548,0.000781,25890.0,0.081909,1.0,32.004599,0.0027015398352867592
http://dbpedia.org/resource/Aaliyah,http://dbpedia.org/ontology/birthPlace,http://dbpedia.org/resource/Brooklyn,1,0.36669,0.074237,0.000149,341165.0,0.161808,1.0,2194.942356,0.0035496961051891818
"http://dbpedia.org/resource/Diana,_Princess_of_Wales",http://dbpedia.org/ontology/birthPlace,"http://dbpedia.org/resource/Sandringham,_Norfolk",1,0.0,0.14522,0.000883,110.0,0.153577,1.0,451.639573,0.042543161321521694
http://dbpedia.org/resource/Joseph_Conrad,http://dbpedia.org/ontology/deathPlace,http://dbpedia.org/resource/Bishopsbourne,1,0.123816,0.090724,0.001221,238.0,0.107905,1.0,4530.157762,0.02878455699810567
http://dbpedia.org/resource/Amerigo_Vespucci,http://dbpedia.org/ontology/deathPlace,http://dbpedia.org/resource/Seville,1,0.0,0.071108,0.000117,6780.0,0.12886,1.0,4936.979039,0.009775983735156202
http://dbpedia.org/resource/John_Stuart_Mill,http://dbpedia.org/ontology/birthPlace,http://dbpedia.org/resource/London_Borough_of_Islington,1,0.096663,0.06469,0.000112,5740.0,0.086752,0.0,257.403716,0.35057647734437536
http://dbpedia.org/resource/Henry_I_of_England,http://dbpedia.org/ontology/birthPlace,http://dbpedia.org/resource/Selby,1,0.0,0.060528,0.000194,1298.0,0.067449,1.0,14.894967,0.029882204541140545
http://dbpedia.org/resource/Benoit_Mandelbrot,http://dbpedia.org/ontology/deathPlace,"http://dbpedia.org/resource/Cambridge,_Massachusetts",1,0.0,0.081741,4.9e-05,15924.0,0.093996,0.0,286.631809,0.3697632909388363
"http://dbpedia.org/resource/Francis_II,_Holy_Roman_Emperor",http://dbpedia.org/ontology/deathPlace,http://dbpedia.org/resource/Vienna,1,0.936018,0.088178,0.000205,127743.0,0.09988,0.0,577.917543,0.6153939770123222
http://dbpedia.org/resource/Amerigo_Vespucci,http://dbpedia.org/ontology/birthPlace,http://dbpedia.org/resource/Florence,1,0.348682,0.077512,0.00028,11890.0,0.162404,1.0,9983.620543,0.0035496961051891818
http://dbpedia.org/resource/Bernardo_O'Higgins,http://dbpedia.org/ontology/deathPlace,http://dbpedia.org/resource/Lima,1,0.937034,0.097944,0.000641,34986.0,0.303237,0.0,423.900918,0.23050693768755492
http://dbpedia.org/resource/Abbas_II_of_Egypt,http://dbpedia.org/ontology/deathPlace,http://dbpedia.org/resource/Geneva,1,0.0,0.066428,1e-05,9153.0,0.100491,0.0,27.565085,0.4394411390190278
http://dbpedia.org/resource/Catherine_of_Aragon,http://dbpedia.org/ontology/birthPlace,http://dbpedia.org/resource/Alcalá_de_Henares,1,0.0,0.056907,4.6e-05,355.0,0.064277,1.0,-15.927615,0.15748029048815881
http://dbpedia.org/resource/John_Stuart_Mill,http://dbpedia.org/ontology/deathPlace,http://dbpedia.org/resource/Avignon,1,0.417032,0.115193,0.00013,16154.0,0.2539,1.0,5007.339765,0.026186108440273248
http://dbpedia.org/resource/Douglas_Adams,http://dbpedia.org/ontology/birthPlace,http://dbpedia.org/resource/Cambridge,1,0.144453,0.066796,9.4e-05,57550.0,0.123388,1.0,3972.383688,0.0035496961051891818
http://dbpedia.org/resource/John_Peel,http://dbpedia.org/ontology/deathPlace,http://dbpedia.org/resource/Cusco,1,0.0,0.047316,0.000145,1313.0,0.047582,1.0,3248.942372,0.01704462146543695
http://dbpedia.org/resource/Joris_Ivens,http://dbpedia.org/ontology/deathPlace,http://dbpedia.org/resource/Paris,1,0.108488,0.064844,0.000134,251825.0,0.123578,1.0,7181.379535,0.023676261566086598
http://dbpedia.org/resource/John_Peel,http://dbpedia.org/ontology/birthPlace,http://dbpedia.org/resource/Heswall,1,0.0,0.062058,0.000224,260.0,0.068836,1.0,1041.634436,0.04584700326323654
http://dbpedia.org/resource/Alfonso_IV_of_Aragon,http://dbpedia.org/ontology/deathPlace,http://dbpedia.org/resource/Barcelona,1,0.0,0.073842,4.3e-05,27450.0,0.127094,0.0,215.889082,0.5274125234089657
http://dbpedia.org/resource/Ernst_Mayr,http://dbpedia.org/ontology/deathPlace,"http://dbpedia.org/resource/Bedford,_Massachusetts",1,0.0,0.05878,7.2e-05,931.0,0.053314,1.0,1836.033052,0.01780020591610154
http://dbpedia.org/resource/Cornelius_Johnson_(artist),http://dbpedia.org/ontology/birthPlace,http://dbpedia.org/resource/London,1,0.096663,0.055644,7.1e-05,114055.0,0.108933,1.0,2628.549421,0.0035496961051891818
http://dbpedia.org/resource/Fay_Wray,http://dbpedia.org/ontology/birthPlace,http://dbpedia.org/resource/Alberta,1,0.0,0.055191,1e-05,328689.0,0.084947,1.0,-6.083438,0.013384631675113168
http://dbpedia.org/resource/Austen_Henry_Layard,http://dbpedia.org/ontology/birthPlace,http://dbpedia.org/resource/Paris,1,0.213578,0.067115,4.9e-05,151095.0,0.166131,0.0,1172.874349,0.400999652996904
http://dbpedia.org/resource/Frédéric_Bastiat,http://dbpedia.org/ontology/birthPlace,http://dbpedia.org/resource/Bayonne,1,0.090548,0.058635,0.000361,2850.0,0.082435,1.0,4868.40778,0.020827164288793054
http://dbpedia.org/resource/André_Weil,http://dbpedia.org/ontology/birthPlace,http://dbpedia.org/resource/Paris,1,0.724973,0.073082,0.000335,201460.0,0.10989,1.0,21636.490938,0.006073998363204658
http://dbpedia.org/resource/Joseph_Conrad,http://dbpedia.org/ontology/birthPlace,http://dbpedia.org/resource/Berdychiv,1,0.0,0.068194,8.1e-05,1530.0,0.092104,1.0,5309.848388,0.02001987372421854
http://dbpedia.org/resource/George_Frideric_Handel,http://dbpedia.org/ontology/birthPlace,http://dbpedia.org/resource/Halle_(Saale),1,1.530224,0.131939,0.000935,4320.0,0.35416,1.0,4387.059045,0.024957602408221757
http://dbpedia.org/resource/Ivan_Bunin,http://dbpedia.org/ontology/birthPlace,http://dbpedia.org/resource/Voronezh,1,0.0,0.063469,0.000646,4360.0,0.092104,1.0,5141.861749,0.004358071938762809
http://dbpedia.org/resource/Jean-Jacques_Rousseau,http://dbpedia.org/ontology/birthPlace,http://dbpedia.org/resource/Geneva,1,0.144412,0.075742,5.6e-05,134244.0,0.156517,1.0,6806.472157,0.0035496961051891818
http://dbpedia.org/resource/Carlo_Goldoni,http://dbpedia.org/ontology/birthPlace,http://dbpedia.org/resource/Venice,1,1.229857,0.113503,0.001617,11508.0,0.332034,1.0,8051.248613,0.005781956184711667
http://dbpedia.org/resource/Joe_Strummer,http://dbpedia.org/ontology/birthPlace,http://dbpedia.org/resource/Ankara,1,0.0,0.054325,2.1e-05,73097.0,0.066497,1.0,3700.90718,0.0027015398352867592
http://dbpedia.org/resource/Carlo_Goldoni,http://dbpedia.org/ontology/deathPlace,http://dbpedia.org/resource/Paris,1,0.108488,0.06188,0.000104,141022.0,0.121496,1.0,3298.956521,0.023676261566086598
http://dbpedia.org/resource/Ambrose,http://dbpedia.org/ontology/birthPlace,http://dbpedia.org/resource/Trier,1,0.0,0.079358,9.8e-05,3429.0,0.085667,1.0,4332.14243,0.004358071938762809
http://dbpedia.org/resource/Alfonso_IV_of_Aragon,http://dbpedia.org/ontology/birthPlace,http://dbpedia.org/resource/Naples,1,0.0,0.065329,0.000247,16030.0,0.086699,1.0,-10.431265,0.0037980241078005017
http://dbpedia.org/resource/André_Weil,http://dbpedia.org/ontology/deathPlace,"http://dbpedia.org/resource/Princeton,_New_Jersey",1,0.0,0.071583,7.5e-05,10520.0,0.087028,1.0,5512.955874,0.015399404182107612
http://dbpedia.org/resource/Emma_Goldman,http://dbpedia.org/ontology/deathPlace,http://dbpedia.org/resource/Kaunas,0,0.396404,0.141474,0.000192,14688.0,0.893574,0.0,5237.361897,0.8285928097469002
http://dbpedia.org/resource/John_A._Roebling,http://dbpedia.org/ontology/deathPlace,http://dbpedia.org/resource/Mühlhausen,0,0.0,0.220928,0.000139,306.0,0.893574,0.0,1331.087317,0.6829567849597298
http://dbpedia.org/resource/James_Clavell,http://dbpedia.org/ontology/deathPlace,http://dbpedia.org/resource/Sydney,0,0.0,0.056547,1.1e-05,126960.0,0.104019,0.0,8.418581,0.5274125234089657
http://dbpedia.org/resource/Ambrose,http://dbpedia.org/ontology/birthPlace,http://dbpedia.org/resource/Milan,0,0.125975,0.111881,0.001608,75654.0,0.893574,0.0,4610.017273,0.8367609471882013
http://dbpedia.org/resource/Frank_Capra,http://dbpedia.org/ontology/deathPlace,http://dbpedia.org/resource/Bisacquino,0,0.0,0.062421,1.5e-05,396.0,0.054012,0.0,-15.769936,0.0332888814936666
http://dbpedia.org/resource/Alexander_Kerensky,http://dbpedia.org/ontology/deathPlace,http://dbpedia.org/resource/Ulyanovsk,0,0.352956,0.182195,0.00026,2937.0,0.893574,0.0,4058.587262,0.6829567849597298
http://dbpedia.org/resource/Arthur_de_Gobineau,http://dbpedia.org/ontology/deathPlace,http://dbpedia.org/resource/Ville-d'Avray,0,0.0,0.250267,0.000985,260.0,0.893574,0.0,880.87786,0.6829567849597298
http://dbpedia.org/resource/Eugene_Wigner,http://dbpedia.org/ontology/deathPlace,http://dbpedia.org/resource/Budapest,0,1.061232,0.107218,0.000556,70261.0,0.893574,1.0,4107.356831,0.2800764484279977
http://dbpedia.org/resource/George_Frideric_Handel,http://dbpedia.org/ontology/deathPlace,http://dbpedia.org/resource/Halle_(Saale),0,1.530224,0.154306,0.001299,4320.0,0.893574,0.0,4387.059045,0.6865719166547359
http://dbpedia.org/resource/Douglas_Adams,http://dbpedia.org/ontology/birthPlace,"http://dbpedia.org/resource/Santa_Barbara,_California",0,0.0,0.075996,2.8e-05,37250.0,0.129734,0.0,453.318062,0.42542895996150676
http://dbpedia.org/resource/Catherine_of_Aragon,http://dbpedia.org/ontology/birthPlace,http://dbpedia.org/resource/Huntingdonshire,0,0.0,0.062229,6.3e-05,885.0,0.060499,1.0,-14.609771,0.08776556864127238
http://dbpedia.org/resource/Alfonso_IV_of_Aragon,http://dbpedia.org/ontology/birthPlace,http://dbpedia.org/resource/Barcelona,0,0.0,0.073842,5.9e-05,27450.0,0.121093,1.0,215.889082,0.0035496961051891818
http://dbpedia.org/resource/Douglas_Adams,http://dbpedia.org/ontology/deathPlace,http://dbpedia.org/resource/Cambridge,0,0.144453,0.124249,6.3e-05,57550.0,0.893574,0.0,3972.383688,0.8285928097469002
http://dbpedia.org/resource/Joseph_Conrad,http://dbpedia.org/ontology/birthPlace,http://dbpedia.org/resource/Bishopsbourne,0,0.123816,0.339454,0.001107,238.0,0.893574,0.0,4530.157762,0.9119121707946396
http://dbpedia.org/resource/Alfonso_IV_of_Aragon,http://dbpedia.org/ontology/deathPlace,http://dbpedia.org/resource/Naples,0,0.0,0.065329,0.000211,16030.0,0.092856,0.0,-10.431265,0.14738236834574714
http://dbpedia.org/resource/Arthur_de_Gobineau,http://dbpedia.org/ontology/birthPlace,http://dbpedia.org/resource/Turin,0,0.266214,0.122748,0.000157,16510.0,0.893574,0.0,4256.723654,0.8367609471882013
"http://dbpedia.org/resource/Albert_VII,_Archduke_of_Austria",http://dbpedia.org/ontology/deathPlace,http://dbpedia.org/resource/Wiener_Neustadt,0,0.0,0.06119,3.4e-05,930.0,0.064142,0.0,-14.538223,0.04015064898560661
http://dbpedia.org/resource/Joseph_Conrad,http://dbpedia.org/ontology/deathPlace,http://dbpedia.org/resource/Berdychiv,0,0.0,0.208045,7e-05,1530.0,0.893574,0.0,5309.848388,0.6829567849597298
http://dbpedia.org/resource/Catherine_of_Aragon,http://dbpedia.org/ontology/deathPlace,http://dbpedia.org/resource/Alcalá_de_Henares,0,0.0,0.056907,4.2e-05,355.0,0.069074,0.0,-15.927615,0.044448521929082
http://dbpedia.org/resource/Joris_Ivens,http://dbpedia.org/ontology/deathPlace,http://dbpedia.org/resource/Nijmegen,0,0.105761,0.155117,0.000186,5800.0,0.893574,0.0,48075.214562,0.6829567849597298
http://dbpedia.org/resource/Gregory_Bateson,http://dbpedia.org/ontology/deathPlace,http://dbpedia.org/resource/Grantchester,0,0.0,0.280509,0.000198,650.0,0.893574,0.0,2914.342512,0.6829567849597298
http://dbpedia.org/resource/James_Wilkinson,http://dbpedia.org/ontology/birthPlace,http://dbpedia.org/resource/Mexico_City,0,0.700454,0.106414,0.000117,124180.0,0.893574,0.0,3684.491273,0.857296201247006
http://dbpedia.org/resource/Ivan_Bunin,http://dbpedia.org/ontology/deathPlace,http://dbpedia.org/resource/Voronezh,0,0.0,0.156629,0.000674,4360.0,0.893574,0.0,5141.861749,0.6829567849597298
http://dbpedia.org/resource/J._R._R._Tolkien,http://dbpedia.org/ontology/deathPlace,http://dbpedia.org/resource/Bloemfontein,0,0.222232,0.14985,5.4e-05,39867.0,0.893574,0.0,8441.21223,0.8285928097469002
http://dbpedia.org/resource/Gregory_Bateson,http://dbpedia.org/ontology/birthPlace,http://dbpedia.org/resource/San_Francisco,0,0.217147,0.073474,9.2e-05,267500.0,0.113513,1.0,449.433678,0.0035496961051891818
http://dbpedia.org/resource/Jean-Jacques_Rousseau,http://dbpedia.org/ontology/birthPlace,http://dbpedia.org/resource/Ermenonville,0,0.0,0.476505,0.000703,396.0,0.893574,0.0,7177.457578,0.9119121707946396
http://dbpedia.org/resource/Alfred_Hitchcock,http://dbpedia.org/ontology/birthPlace,"http://dbpedia.org/resource/Bel_Air,_Los_Angeles",0,0.378093,0.215629,0.000162,3458.0,0.893574,0.0,7095.931011,0.8777084607529847
http://dbpedia.org/resource/F._F._E._Yeo-Thomas,http://dbpedia.org/ontology/deathPlace,http://dbpedia.org/resource/London,0,0.0,0.056491,3.6e-05,182488.0,0.081084,0.0,779.453742,0.40889449051715787
http://dbpedia.org/resource/Ernst_Mayr,http://dbpedia.org/ontology/deathPlace,http://dbpedia.org/resource/Kempten,0,0.0,0.210031,9.7e-05,817.0,0.893574,0.0,1568.478536,0.6829567849597298
http://dbpedia.org/resource/Frank_Capra,http://dbpedia.org/ontology/birthPlace,"http://dbpedia.org/resource/La_Quinta,_California",0,0.0,0.065209,8.2e-05,1716.0,0.063945,1.0,26.398006,0.03472400392045383
http://dbpedia.org/resource/Ivan_Bunin,http://dbpedia.org/ontology/birthPlace,http://dbpedia.org/resource/Paris,0,0.199036,0.09787,0.000397,201460.0,0.893574,0.0,3322.896622,0.8367609471882013
http://dbpedia.org/resource/Carlo_Goldoni,http://dbpedia.org/ontology/deathPlace,http://dbpedia.org/resource/Venice,0,1.229857,0.129672,0.001458,11508.0,0.893574,0.0,8051.248613,0.8698738323544196
http://dbpedia.org/resource/Anton_Chekhov,http://dbpedia.org/ontology/birthPlace,http://dbpedia.org/resource/Badenweiler,0,0.0,0.302793,0.000143,1340.0,0.893574,0.0,3316.483914,0.8777084607529847
http://dbpedia.org/resource/Austen_Henry_Layard,http://dbpedia.org/ontology/deathPlace,http://dbpedia.org/resource/Paris,0,0.213578,0.067115,6.1e-05,151095.0,0.146762,1.0,1172.874349,0.023676261566086598
http://dbpedia.org/resource/John_A._Macdonald,http://dbpedia.org/ontology/birthPlace,http://dbpedia.org/resource/Ottawa,0,0.841355,0.112394,0.000433,180230.0,0.893574,0.0,4381.721602,0.857296201247006
http://dbpedia.org/resource/Joe_Strummer,http://dbpedia.org/ontology/deathPlace,http://dbpedia.org/resource/Ankara,0,0.0,0.125081,2.6e-05,73097.0,0.893574,0.0,3700.90718,0.8285928097469002
"http://dbpedia.org/resource/Albert_VII,_Archduke_of_Austria",http://dbpedia.org/ontology/birthPlace,http://dbpedia.org/resource/Brussels,0,0.0,0.088676,0.000135,29055.0,0.089123,1.0,34.054267,0.0022922575712662763
http://dbpedia.org/resource/Anton_Chekhov,http://dbpedia.org/ontology/deathPlace,http://dbpedia.org/resource/Taganrog,0,1.590353,0.160763,0.000977,24790.0,0.893574,0.0,4067.554178,0.8698738323544196
http://dbpedia.org/resource/Benoit_Mandelbrot,http://dbpedia.org/ontology/deathPlace,http://dbpedia.org/resource/Warsaw,0,0.0,0.076464,4.4e-05,37044.0,0.092955,0.0,245.737563,0.3697632909388363
http://dbpedia.org/resource/George_Frideric_Handel,http://dbpedia.org/ontology/birthPlace,http://dbpedia.org/resource/London,0,0.196315,0.090621,0.000138,410598.0,0.893574,0.0,2451.406212,0.8367609471882013
http://dbpedia.org/resource/Adelaide_of_Italy,http://dbpedia.org/ontology/deathPlace,http://dbpedia.org/resource/Orbe,0,0.0,0.244436,0.00055,330.0,0.893574,0.0,872.429811,0.6829567849597298
http://dbpedia.org/resource/James_Wilkinson,http://dbpedia.org/ontology/deathPlace,"http://dbpedia.org/resource/Benedict,_Maryland",0,0.220624,0.144532,0.001676,112.0,0.156259,0.0,65.662996,0.2695487927458047
http://dbpedia.org/resource/Aaliyah,http://dbpedia.org/ontology/deathPlace,http://dbpedia.org/resource/Brooklyn,0,0.36669,0.074237,0.000128,341165.0,0.161024,0.0,2194.942356,0.5022460613672957
http://dbpedia.org/resource/Hawley_Harvey_Crippen,http://dbpedia.org/ontology/birthPlace,http://dbpedia.org/resource/London,0,0.196315,0.090621,0.000397,136866.0,0.893574,0.0,2658.249021,0.8367609471882013
http://dbpedia.org/resource/Abbas_II_of_Egypt,http://dbpedia.org/ontology/birthPlace,http://dbpedia.org/resource/Geneva,0,0.0,0.066428,9e-06,9153.0,0.092233,1.0,27.565085,0.0022922575712662763
http://dbpedia.org/resource/Joris_Ivens,http://dbpedia.org/ontology/birthPlace,http://dbpedia.org/resource/Paris,0,0.108488,0.09787,0.000132,251825.0,0.893574,0.0,7181.379535,0.8367609471882013
http://dbpedia.org/resource/John_A._Roebling,http://dbpedia.org/ontology/birthPlace,http://dbpedia.org/resource/New_York_City,0,0.459818,0.090201,0.000402,216117.0,0.893574,0.0,2522.56036,0.8367609471882013
http://dbpedia.org/resource/John_Stuart_Mill,http://dbpedia.org/ontology/deathPlace,http://dbpedia.org/resource/London_Borough_of_Islington,0,0.096663,0.06469,0.000132,5740.0,0.077492,1.0,257.403716,0.007451257224107444
http://dbpedia.org/resource/Jean-Jacques_Rousseau,http://dbpedia.org/ontology/deathPlace,http://dbpedia.org/resource/Geneva,0,0.144412,0.126189,6.7e-05,134244.0,0.893574,0.0,6806.472157,0.8285928097469002
http://dbpedia.org/resource/Cornelius_Johnson_(artist),http://dbpedia.org/ontology/deathPlace,http://dbpedia.org/resource/London,0,0.096663,0.055644,0.000118,114055.0,0.123298,0.0,2628.549421,0.5274125234089657
"http://dbpedia.org/resource/Francis_II,_Holy_Roman_Emperor",http://dbpedia.org/ontology/birthPlace,http://dbpedia.org/resource/Vienna,0,0.936018,0.088178,0.000136,127743.0,0.097074,1.0,577.917543,0.004497941090447433
http://dbpedia.org/resource/Fay_Wray,http://dbpedia.org/ontology/deathPlace,http://dbpedia.org/resource/Alberta,0,0.0,0.055191,1.1e-05,328689.0,0.088136,0.0,-6.083438,0.14738236834574714
http://dbpedia.org/resource/Eduard_von_Böhm-Ermolli,http://dbpedia.org/ontology/birthPlace,http://dbpedia.org/resource/Opava,0,0.0,0.060184,4.4e-05,1023.0,0.06653,1.0,-14.400721,0.06419928065695912
http://dbpedia.org/resource/Abd_al-Rahman_I,http://dbpedia.org/ontology/birthPlace,"http://dbpedia.org/resource/Córdoba,_Spain",0,0.0,0.072711,6.3e-05,1680.0,0.080343,1.0,-13.685083,0.07041511818916901
http://dbpedia.org/resource/Fay_Wray,http://dbpedia.org/ontology/birthPlace,http://dbpedia.org/resource/New_York_City,0,0.276938,0.06804,4.7e-05,1416767.0,0.166241,1.0,1091.203013,0.0035496961051891818
http://dbpedia.org/resource/John_von_Neumann,http://dbpedia.org/ontology/birthPlace,"http://dbpedia.org/resource/Washington,_D.C.",0,0.195641,0.099963,4.6e-05,1203684.0,0.893574,0.0,1738.451826,0.8367609471882013
http://dbpedia.org/resource/Amerigo_Vespucci,http://dbpedia.org/ontology/birthPlace,http://dbpedia.org/resource/Seville,0,0.0,0.132994,0.000147,6780.0,0.893574,0.0,4936.979039,0.8200999532809625
http://dbpedia.org/resource/Henry_Moseley,http://dbpedia.org/ontology/birthPlace,http://dbpedia.org/resource/Gelibolu,0,0.0,0.075922,7.6e-05,360.0,0.090476,0.0,151.553694,0.5019478996992224
http://dbpedia.org/resource/F._F._E._Yeo-Thomas,http://dbpedia.org/ontology/birthPlace,http://dbpedia.org/resource/Paris,0,0.0,0.059226,5.2e-05,80584.0,0.073804,1.0,3289.969428,0.0027015398352867592
http://dbpedia.org/resource/Henry_Moseley,http://dbpedia.org/ontology/deathPlace,"http://dbpedia.org/resource/Weymouth,_Dorset",0,0.141226,0.176279,0.000213,1605.0,0.893574,0.0,4694.308851,0.6829567849597298
http://dbpedia.org/resource/Abd_al-Rahman_I,http://dbpedia.org/ontology/deathPlace,http://dbpedia.org/resource/Damascus,0,0.0,0.070612,3.4e-05,5355.0,0.097114,0.0,-12.01276,0.048729442110791
http://dbpedia.org/resource/C._S._Forester,http://dbpedia.org/ontology/deathPlace,http://dbpedia.org/resource/Cairo,0,0.348404,0.117458,0.000197,54990.0,0.893574,1.0,4181.19376,0.1331188866733345
http://dbpedia.org/resource/Hawley_Harvey_Crippen,http://dbpedia.org/ontology/deathPlace,"http://dbpedia.org/resource/Coldwater,_Michigan",0,0.0,0.192691,0.000137,396.0,0.893574,0.0,2570.689749,0.6829567849597298
http://dbpedia.org/resource/John_Peel,http://dbpedia.org/ontology/birthPlace,http://dbpedia.org/resource/Cusco,0,0.0,0.178091,0.000131,1313.0,0.893574,0.0,3248.942372,0.8777084607529847
"http://dbpedia.org/resource/Christina,_Queen_of_Sweden",http://dbpedia.org/ontology/birthPlace,http://dbpedia.org/resource/Rome,0,0.0,0.051436,1.9e-05,37818.0,0.077242,1.0,-9.193523,0.005530264026065934
http://dbpedia.org/resource/John_Peel,http://dbpedia.org/ontology/deathPlace,http://dbpedia.org/resource/Heswall,0,0.0,0.250267,0.000229,260.0,0.893574,0.0,1041.634436,0.6829567849597298
http://dbpedia.org/resource/André_Weil,http://dbpedia.org/ontology/birthPlace,"http://dbpedia.org/resource/Princeton,_New_Jersey",0,0.0,0.137641,8.3e-05,10520.0,0.893574,0.0,5512.955874,0.8367609471882013
http://dbpedia.org/resource/John_von_Neumann,http://dbpedia.org/ontology/deathPlace,http://dbpedia.org/resource/Budapest,0,1.890915,0.107218,0.000134,611684.0,0.893574,0.0,4162.407144,0.8698738323544196
http://dbpedia.org/resource/Eugene_Wigner,http://dbpedia.org/ontology/birthPlace,"http://dbpedia.org/resource/Princeton,_New_Jersey",0,0.0,0.137641,0.000143,8942.0,0.893574,0.0,4175.967395,0.8367609471882013
http://dbpedia.org/resource/Emma_Goldman,http://dbpedia.org/ontology/birthPlace,http://dbpedia.org/resource/Toronto,0,0.110131,0.099205,5.9e-05,298486.0,0.893574,0.0,7992.352738,0.8367609471882013
http://dbpedia.org/resource/Augustus_II_the_Strong,http://dbpedia.org/ontology/deathPlace,http://dbpedia.org/resource/Dresden,0,0.0,0.093266,7.9e-05,15290.0,0.192654,0.0,294.820211,0.5022460613672957
http://dbpedia.org/resource/Frédéric_Bastiat,http://dbpedia.org/ontology/birthPlace,http://dbpedia.org/resource/Rome,0,0.261189,0.102577,0.000111,119757.0,0.893574,0.0,9741.325251,0.8367609471882013
"http://dbpedia.org/resource/Francis_II,_Holy_Roman_Emperor",http://dbpedia.org/ontology/deathPlace,http://dbpedia.org/resource/Florence,0,0.0,0.074633,3.6e-05,39237.0,0.128807,0.0,75.799053,0.5274125234089657
http://dbpedia.org/resource/Eduard_von_Böhm-Ermolli,http://dbpedia.org/ontology/deathPlace,http://dbpedia.org/resource/Ancona,0,0.0,0.060211,2.8e-05,1573.0,0.05291,0.0,31.811331,0.09576591371917242
http://dbpedia.org/resource/Austen_Henry_Layard,http://dbpedia.org/ontology/birthPlace,http://dbpedia.org/resource/London,0,0.712288,0.074976,0.000378,342165.0,0.20394,1.0,4371.901115,0.006073998363204658
http://dbpedia.org/resource/Joe_Strummer,http://dbpedia.org/ontology/birthPlace,"http://dbpedia.org/resource/Broomfield,_Somerset",0,0.0,0.286952,0.000204,804.0,0.893574,0.0,11619.950091,0.8777084607529847
"http://dbpedia.org/resource/Christina,_Queen_of_Sweden",http://dbpedia.org/ontology/deathPlace,http://dbpedia.org/resource/Stockholm,0,0.0,0.065548,0.000961,25890.0,0.097584,0.0,32.004599,0.6107962091062786
http://dbpedia.org/resource/Irenaeus,http://dbpedia.org/ontology/birthPlace,http://dbpedia.org/resource/Lyon,0,0.648658,0.102502,0.000957,12696.0,0.259546,1.0,4319.640951,0.010312108988108193
http://dbpedia.org/resource/Cornelius_Johnson_(artist),http://dbpedia.org/ontology/birthPlace,http://dbpedia.org/resource/Utrecht,0,0.105761,0.13483,0.000337,3060.0,0.893574,1.0,4202.850869,0.26578560697614195
http://dbpedia.org/resource/Alfred_Hitchcock,http://dbpedia.org/ontology/deathPlace,http://dbpedia.org/resource/London,0,1.347941,0.077036,0.000118,2075801.0,0.27786,0.0,3006.419576,0.49131393779357446
http://dbpedia.org/resource/Adelaide_of_Italy,http://dbpedia.org/ontology/birthPlace,http://dbpedia.org/resource/Alsace,0,0.0,0.162668,0.000201,2580.0,0.893574,0.0,4652.011751,0.8777084607529847
http://dbpedia.org/resource/Frédéric_Bastiat,http://dbpedia.org/ontology/deathPlace,http://dbpedia.org/resource/Bayonne,0,0.090548,0.166372,0.000398,2850.0,0.893574,0.0,4868.40778,0.6829567849597298
http://dbpedia.org/resource/John_Stuart_Mill,http://dbpedia.org/ontology/birthPlace,http://dbpedia.org/resource/Avignon,0,0.417032,0.159154,0.000228,16154.0,0.893574,0.0,5007.339765,0.8367609471882013
http://dbpedia.org/resource/Carlo_Goldoni,http://dbpedia.org/ontology/birthPlace,http://dbpedia.org/resource/Paris,0,0.108488,0.09787,9.7e-05,141022.0,0.893574,0.0,3298.956521,0.8367609471882013
http://dbpedia.org/resource/Benoit_Mandelbrot,http://dbpedia.org/ontology/birthPlace,"http://dbpedia.org/resource/Cambridge,_Massachusetts",0,0.0,0.081741,5.9e-05,15924.0,0.084959,1.0,286.631809,0.006856643881966273
http://dbpedia.org/resource/Aaliyah,http://dbpedia.org/ontology/birthPlace,http://dbpedia.org/resource/Marsh_Harbour,0,0.5092,0.312771,0.001291,495.0,0.893574,0.0,7915.943901,0.9119121707946396
http://dbpedia.org/resource/Henry_I_of_England,http://dbpedia.org/ontology/birthPlace,http://dbpedia.org/resource/Lyons-la-Forêt,0,0.0,0.08401,0.000755,66.0,0.072698,1.0,-18.354889,0.10567603310959273
http://dbpedia.org/resource/James_Clavell,http://dbpedia.org/ontology/birthPlace,http://dbpedia.org/resource/Vevey,0,0.0,0.187591,0.000134,1748.0,0.893574,0.0,8409.247979,0.8777084607529847
http://dbpedia.org/resource/Irenaeus,http://dbpedia.org/ontology/deathPlace,http://dbpedia.org/resource/İzmir,0,0.100354,0.077524,0.000165,6540.0,0.118086,0.0,3550.124245,0.24852880403610145
http://dbpedia.org/resource/Ernst_Mayr,http://dbpedia.org/ontology/birthPlace,"http://dbpedia.org/resource/Bedford,_Massachusetts",0,0.0,0.204423,0.000101,931.0,0.893574,0.0,1836.033052,0.8777084607529847
http://dbpedia.org/resource/J._R._R._Tolkien,http://dbpedia.org/ontology/birthPlace,http://dbpedia.org/resource/Bournemouth,0,0.849342,0.140973,7.6e-05,60691.0,0.893574,0.0,7205.996637,0.857296201247006
http://dbpedia.org/resource/Henry_I_of_England,http://dbpedia.org/ontology/deathPlace,http://dbpedia.org/resource/Selby,0,0.0,0.060528,0.000134,1298.0,0.071653,0.0,14.894967,0.20770512177190203
http://dbpedia.org/resource/Bernardo_O'Higgins,http://dbpedia.org/ontology/deathPlace,http://dbpedia.org/resource/Chillán,0,0.558111,0.152603,0.00139,903.0,0.292667,0.0,252.852652,0.047954301949094336
"http://dbpedia.org/resource/Diana,_Princess_of_Wales",http://dbpedia.org/ontology/birthPlace,http://dbpedia.org/resource/Paris,0,0.352956,0.076623,8.7e-05,221606.0,0.108899,1.0,27.665736,0.0035496961051891818
http://dbpedia.org/resource/Amerigo_Vespucci,http://dbpedia.org/ontology/deathPlace,http://dbpedia.org/resource/Florence,0,0.348682,0.123749,0.000287,11890.0,0.893574,0.0,9983.620543,0.8285928097469002
http://dbpedia.org/resource/C._S._Forester,http://dbpedia.org/ontology/birthPlace,"http://dbpedia.org/resource/Fullerton,_California",0,0.0,0.159676,9.7e-05,5790.0,0.893574,0.0,4267.627345,0.8777084607529847
http://dbpedia.org/resource/Bernardo_O'Higgins,http://dbpedia.org/ontology/birthPlace,http://dbpedia.org/resource/Lima,0,0.937034,0.097944,0.000624,34986.0,0.267824,1.0,423.900918,0.01180371979603867
http://dbpedia.org/resource/John_A._Macdonald,http://dbpedia.org/ontology/deathPlace,http://dbpedia.org/resource/Glasgow,0,0.227296,0.106115,6.4e-05,305118.0,0.893574,0.0,3846.392276,0.8285928097469002
http://dbpedia.org/resource/Augustus_II_the_Strong,http://dbpedia.org/ontology/birthPlace,http://dbpedia.org/resource/Warsaw,0,0.0,0.072804,0.000178,67914.0,0.119766,1.0,252.210959,0.0035496961051891818
http://dbpedia.org/resource/André_Weil,http://dbpedia.org/ontology/deathPlace,http://dbpedia.org/resource/Paris,0,0.724973,0.09787,0.000268,201460.0,0.893574,0.0,21636.490938,0.8588107512763503
http://dbpedia.org/resource/Abbas_II_of_Egypt,http://dbpedia.org/ontology/deathPlace,http://dbpedia.org/resource/Alexandria,0,0.0,0.078208,0.000167,5688.0,0.123991,0.0,421.423598,0.24852880403610145
http://dbpedia.org/resource/Alexander_Kerensky,http://dbpedia.org/ontology/birthPlace,http://dbpedia.org/resource/New_York_City,0,0.199565,0.090201,4.6e-05,792429.0,0.893574,0.0,2419.615756,0.8367609471882013
"http://dbpedia.org/resource/Diana,_Princess_of_Wales",http://dbpedia.org/ontology/deathPlace,"http://dbpedia.org/resource/Sandringham,_Norfolk",0,0.0,0.14522,0.000894,110.0,0.151797,0.0,451.639573,0.2695487927458047
