subject,predicate,object,truth,pathent,kl_rel,kl,simrank,katz,predpath,ensemble_score
http://dbpedia.org/resource/Gregory_Bateson,http://dbpedia.org/ontology/birthPlace,http://dbpedia.org/resource/Grantchester,1,2914.342512,0.059209,0.073111,0.000169,0.011125,1.0,0.29
http://dbpedia.org/resource/C._S._Forester,http://dbpedia.org/ontology/birthPlace,http://dbpedia.org/resource/Cairo,1,4181.19376,0.167179,0.075999,0.000114,0.317625,1.0,0.42
http://dbpedia.org/resource/Emma_Goldman,http://dbpedia.org/ontology/deathPlace,http://dbpedia.org/resource/Toronto,1,7992.352738,0.113571,0.059937,3.6e-05,1.332375,1.0,0.6
http://dbpedia.org/resource/Abd_al-Rahman_I,http://dbpedia.org/ontology/birthPlace,http://dbpedia.org/resource/Damascus,1,-12.01276,0.089922,0.070612,3.1e-05,0.0,1.0,0.24
http://dbpedia.org/resource/Augustus_II_the_Strong,http://dbpedia.org/ontology/deathPlace,http://dbpedia.org/resource/Warsaw,1,252.210959,0.136758,0.072804,0.00017,0.0015,0.0,0.7
http://dbpedia.org/resource/Augustus_II_the_Strong,http://dbpedia.org/ontology/birthPlace,http://dbpedia.org/resource/Dresden,1,294.820211,0.17004,0.093266,8.5e-05,0.000875,1.0,0.31
http://dbpedia.org/resource/Hawley_Harvey_Crippen,http://dbpedia.org/ontology/deathPlace,http://dbpedia.org/resource/London,1,2658.249021,0.178592,0.06543,0.000377,4.3265,1.0,0.65
http://dbpedia.org/resource/J._R._R._Tolkien,http://dbpedia.org/ontology/deathPlace,http://dbpedia.org/resource/Bournemouth,1,7205.996637,0.309026,0.112545,0.000139,0.098875,1.0,0.28
http://dbpedia.org/resource/Abbas_II_of_Egypt,http://dbpedia.org/ontology/birthPlace,http://dbpedia.org/resource/Alexandria,1,421.423598,0.111966,0.078208,0.000271,0.002625,1.0,0.25
http://dbpedia.org/resource/John_von_Neumann,http://dbpedia.org/ontology/birthPlace,http://dbpedia.org/resource/Budapest,1,4162.407144,0.239746,0.086776,0.000119,0.93,1.0,0.66
http://dbpedia.org/resource/Joris_Ivens,http://dbpedia.org/ontology/birthPlace,http://dbpedia.org/resource/Nijmegen,1,48075.214562,0.082732,0.063347,0.000184,0.0755,1.0,0.25
http://dbpedia.org/resource/Benoit_Mandelbrot,http://dbpedia.org/ontology/birthPlace,http://dbpedia.org/resource/Warsaw,1,245.737563,0.085827,0.076464,7e-05,0.000875,1.0,0.2
http://dbpedia.org/resource/J._R._R._Tolkien,http://dbpedia.org/ontology/birthPlace,http://dbpedia.org/resource/Bloemfontein,1,8441.21223,0.17132,0.0895,4.6e-05,0.073375,1.0,0.31
http://dbpedia.org/resource/Anton_Chekhov,http://dbpedia.org/ontology/birthPlace,http://dbpedia.org/resource/Taganrog,1,4067.554178,0.257007,0.127717,0.001073,0.05775,1.0,0.33
http://dbpedia.org/resource/Aaliyah,http://dbpedia.org/ontology/deathPlace,http://dbpedia.org/resource/Marsh_Harbour,1,7915.943901,0.247445,0.165825,0.001485,0.019,1.0,0.32
http://dbpedia.org/resource/Ivan_Bunin,http://dbpedia.org/ontology/deathPlace,http://dbpedia.org/resource/Paris,1,3322.896622,0.110485,0.059535,0.000502,2.66625,1.0,0.6
http://dbpedia.org/resource/Alexander_Kerensky,http://dbpedia.org/ontology/birthPlace,http://dbpedia.org/resource/Ulyanovsk,1,4058.587262,0.239784,0.120166,0.000333,0.025375,1.0,0.3
http://dbpedia.org/resource/Ernst_Mayr,http://dbpedia.org/ontology/birthPlace,http://dbpedia.org/resource/Kempten,1,1568.478536,0.088773,0.068387,9.3e-05,0.008375,1.0,0.21
http://dbpedia.org/resource/Austen_Henry_Layard,http://dbpedia.org/ontology/deathPlace,http://dbpedia.org/resource/London,1,4371.901115,0.203434,0.074976,0.000478,0.06475,1.0,0.31
http://dbpedia.org/resource/Douglas_Adams,http://dbpedia.org/ontology/deathPlace,"http://dbpedia.org/resource/Santa_Barbara,_California",1,453.318062,0.133754,0.075996,2.7e-05,0.0035,1.0,0.3
http://dbpedia.org/resource/James_Wilkinson,http://dbpedia.org/ontology/birthPlace,"http://dbpedia.org/resource/Benedict,_Maryland",1,65.662996,0.174993,0.144532,0.00211,0.002875,1.0,0.31
http://dbpedia.org/resource/Arthur_de_Gobineau,http://dbpedia.org/ontology/birthPlace,http://dbpedia.org/resource/Ville-d'Avray,1,880.87786,0.117686,0.091071,0.00106,0.004875,1.0,0.28
"http://dbpedia.org/resource/Francis_II,_Holy_Roman_Emperor",http://dbpedia.org/ontology/birthPlace,http://dbpedia.org/resource/Florence,1,75.799053,0.11799,0.074633,3.3e-05,0.000375,1.0,0.28
http://dbpedia.org/resource/John_A._Roebling,http://dbpedia.org/ontology/birthPlace,http://dbpedia.org/resource/Mühlhausen,1,1331.087317,0.092498,0.095077,0.000108,0.006,1.0,0.17
http://dbpedia.org/resource/Cornelius_Johnson_(artist),http://dbpedia.org/ontology/deathPlace,http://dbpedia.org/resource/Utrecht,1,4202.850869,0.126003,0.069671,0.000419,0.153,0.0,0.69
http://dbpedia.org/resource/John_A._Macdonald,http://dbpedia.org/ontology/deathPlace,http://dbpedia.org/resource/Ottawa,1,4381.721602,0.271728,0.092224,0.000484,0.842,1.0,0.55
http://dbpedia.org/resource/John_A._Roebling,http://dbpedia.org/ontology/deathPlace,http://dbpedia.org/resource/New_York_City,1,2522.56036,0.170672,0.072156,0.0004,3.539625,1.0,0.65
http://dbpedia.org/resource/James_Wilkinson,http://dbpedia.org/ontology/deathPlace,http://dbpedia.org/resource/Mexico_City,1,3684.491273,0.805212,0.106414,0.000105,1.416125,1.0,0.63
http://dbpedia.org/resource/Arthur_de_Gobineau,http://dbpedia.org/ontology/deathPlace,http://dbpedia.org/resource/Turin,1,4256.723654,0.106688,0.062247,0.000151,0.247875,1.0,0.27
http://dbpedia.org/resource/Frédéric_Bastiat,http://dbpedia.org/ontology/deathPlace,http://dbpedia.org/resource/Rome,1,9741.325251,0.121024,0.062314,0.000111,1.2525,1.0,0.6
http://dbpedia.org/resource/Adelaide_of_Italy,http://dbpedia.org/ontology/birthPlace,http://dbpedia.org/resource/Orbe,1,872.429811,0.051812,0.065264,0.00059,0.004625,1.0,0.32
"http://dbpedia.org/resource/Albert_VII,_Archduke_of_Austria",http://dbpedia.org/ontology/birthPlace,http://dbpedia.org/resource/Wiener_Neustadt,1,-14.538223,0.06023,0.06119,3.2e-05,0.0,1.0,0.3
http://dbpedia.org/resource/Irenaeus,http://dbpedia.org/ontology/birthPlace,http://dbpedia.org/resource/İzmir,1,3550.124245,0.134135,0.077524,0.000142,0.05025,1.0,0.29
http://dbpedia.org/resource/Henry_Moseley,http://dbpedia.org/ontology/birthPlace,"http://dbpedia.org/resource/Weymouth,_Dorset",1,4694.308851,0.122434,0.078409,0.000293,0.02925,1.0,0.28
http://dbpedia.org/resource/Eduard_von_Böhm-Ermolli,http://dbpedia.org/ontology/birthPlace,http://dbpedia.org/resource/Ancona,1,31.811331,0.053969,0.060211,3.5e-05,0.000375,1.0,0.32
http://dbpedia.org/resource/Henry_I_of_England,http://dbpedia.org/ontology/deathPlace,http://dbpedia.org/resource/Lyons-la-Forêt,1,-18.354889,0.067186,0.08401,0.000767,0.0,0.0,0.49
http://dbpedia.org/resource/Irenaeus,http://dbpedia.org/ontology/deathPlace,http://dbpedia.org/resource/Lyon,1,4319.640951,0.296957,0.102502,0.001252,0.090875,0.0,0.72
http://dbpedia.org/resource/F._F._E._Yeo-Thomas,http://dbpedia.org/ontology/deathPlace,http://dbpedia.org/resource/Paris,1,3289.969428,0.078266,0.059226,7.9e-05,0.02775,0.0,0.63
http://dbpedia.org/resource/Eugene_Wigner,http://dbpedia.org/ontology/deathPlace,"http://dbpedia.org/resource/Princeton,_New_Jersey",1,4175.967395,0.082176,0.083965,0.00019,0.07525,1.0,0.21
http://dbpedia.org/resource/Anton_Chekhov,http://dbpedia.org/ontology/deathPlace,http://dbpedia.org/resource/Badenweiler,1,3316.483914,0.122548,0.099431,0.000127,0.01875,1.0,0.24
"http://dbpedia.org/resource/Diana,_Princess_of_Wales",http://dbpedia.org/ontology/deathPlace,http://dbpedia.org/resource/Paris,1,27.665736,0.133713,0.076623,0.000166,0.002625,0.0,0.7
http://dbpedia.org/resource/Abd_al-Rahman_I,http://dbpedia.org/ontology/deathPlace,"http://dbpedia.org/resource/Córdoba,_Spain",1,-13.685083,0.093226,0.072711,7.2e-05,0.0,0.0,0.73
http://dbpedia.org/resource/Frank_Capra,http://dbpedia.org/ontology/birthPlace,http://dbpedia.org/resource/Bisacquino,1,-15.769936,0.057957,0.062421,1.1e-05,0.0,1.0,0.3
"http://dbpedia.org/resource/Albert_VII,_Archduke_of_Austria",http://dbpedia.org/ontology/deathPlace,http://dbpedia.org/resource/Brussels,1,34.054267,0.099406,0.088676,0.00017,0.00025,0.0,0.65
http://dbpedia.org/resource/Catherine_of_Aragon,http://dbpedia.org/ontology/deathPlace,http://dbpedia.org/resource/Huntingdonshire,1,-14.609771,0.061096,0.062229,6.1e-05,0.0,0.0,0.59
http://dbpedia.org/resource/C._S._Forester,http://dbpedia.org/ontology/deathPlace,"http://dbpedia.org/resource/Fullerton,_California",1,4267.627345,0.056259,0.049798,4.8e-05,0.028875,1.0,0.18
http://dbpedia.org/resource/John_von_Neumann,http://dbpedia.org/ontology/deathPlace,"http://dbpedia.org/resource/Washington,_D.C.",1,1738.451826,0.108229,0.067314,5.5e-05,1.7905,1.0,0.6
"http://dbpedia.org/resource/Christina,_Queen_of_Sweden",http://dbpedia.org/ontology/deathPlace,http://dbpedia.org/resource/Rome,1,-9.193523,0.074797,0.051436,2.3e-05,0.0,0.0,0.74
http://dbpedia.org/resource/James_Clavell,http://dbpedia.org/ontology/birthPlace,http://dbpedia.org/resource/Sydney,1,8.418581,0.093071,0.056547,1.2e-05,0.000125,1.0,0.22
http://dbpedia.org/resource/Henry_Moseley,http://dbpedia.org/ontology/deathPlace,http://dbpedia.org/resource/Gelibolu,1,151.553694,0.096503,0.075922,5.9e-05,0.000875,1.0,0.17
http://dbpedia.org/resource/George_Frideric_Handel,http://dbpedia.org/ontology/deathPlace,http://dbpedia.org/resource/London,1,2451.406212,0.151825,0.063235,0.000176,4.32875,1.0,0.66
http://dbpedia.org/resource/Gregory_Bateson,http://dbpedia.org/ontology/deathPlace,http://dbpedia.org/resource/San_Francisco,1,449.433678,0.11347,0.073474,9.7e-05,0.005375,0.0,0.71
http://dbpedia.org/resource/Fay_Wray,http://dbpedia.org/ontology/deathPlace,http://dbpedia.org/resource/New_York_City,1,1091.203013,0.183026,0.06804,4.8e-05,0.009875,0.0,0.71
http://dbpedia.org/resource/Alfred_Hitchcock,http://dbpedia.org/ontology/deathPlace,"http://dbpedia.org/resource/Bel_Air,_Los_Angeles",1,7095.931011,0.188224,0.121638,0.000164,0.039625,1.0,0.28
http://dbpedia.org/resource/Frank_Capra,http://dbpedia.org/ontology/deathPlace,"http://dbpedia.org/resource/La_Quinta,_California",1,26.398006,0.062664,0.065209,9e-05,0.00025,0.0,0.58
http://dbpedia.org/resource/Eduard_von_Böhm-Ermolli,http://dbpedia.org/ontology/deathPlace,http://dbpedia.org/resource/Opava,1,-14.400721,0.06237,0.060184,5.6e-05,0.0,0.0,0.62
http://dbpedia.org/resource/James_Clavell,http://dbpedia.org/ontology/deathPlace,http://dbpedia.org/resource/Vevey,1,8409.247979,0.108607,0.077855,0.000132,0.019125,1.0,0.21
http://dbpedia.org/resource/Hawley_Harvey_Crippen,http://dbpedia.org/ontology/birthPlace,"http://dbpedia.org/resource/Coldwater,_Michigan",1,2570.689749,0.051623,0.049677,0.000132,0.010625,1.0,0.25
http://dbpedia.org/resource/John_A._Macdonald,http://dbpedia.org/ontology/birthPlace,http://dbpedia.org/resource/Glasgow,1,3846.392276,0.096234,0.061554,4.3e-05,0.837,1.0,0.51
http://dbpedia.org/resource/Bernardo_O'Higgins,http://dbpedia.org/ontology/birthPlace,http://dbpedia.org/resource/Chillán,1,252.852652,0.276648,0.152603,0.00141,0.003875,1.0,0.33
http://dbpedia.org/resource/Alexander_Kerensky,http://dbpedia.org/ontology/deathPlace,http://dbpedia.org/resource/New_York_City,1,2419.615756,0.115626,0.067247,4.9e-05,4.6455,1.0,0.6
http://dbpedia.org/resource/Eugene_Wigner,http://dbpedia.org/ontology/birthPlace,http://dbpedia.org/resource/Budapest,1,4107.356831,0.144024,0.082237,0.000476,0.82925,0.0,0.88
http://dbpedia.org/resource/Jean-Jacques_Rousseau,http://dbpedia.org/ontology/deathPlace,http://dbpedia.org/resource/Ermenonville,1,7177.457578,0.062313,0.070219,0.000559,0.02525,1.0,0.19
http://dbpedia.org/resource/Adelaide_of_Italy,http://dbpedia.org/ontology/deathPlace,http://dbpedia.org/resource/Alsace,1,4652.011751,0.100368,0.077634,0.000245,0.0265,1.0,0.2
http://dbpedia.org/resource/Emma_Goldman,http://dbpedia.org/ontology/birthPlace,http://dbpedia.org/resource/Kaunas,1,5237.361897,0.176844,0.087828,0.000126,0.079875,1.0,0.26
http://dbpedia.org/resource/Alfred_Hitchcock,http://dbpedia.org/ontology/birthPlace,http://dbpedia.org/resource/London,1,3006.419576,0.262172,0.077036,7.8e-05,0.062125,1.0,0.29
http://dbpedia.org/resource/Joe_Strummer,http://dbpedia.org/ontology/deathPlace,"http://dbpedia.org/resource/Broomfield,_Somerset",1,11619.950091,0.054811,0.05886,0.000216,0.0165,1.0,0.2
http://dbpedia.org/resource/F._F._E._Yeo-Thomas,http://dbpedia.org/ontology/birthPlace,http://dbpedia.org/resource/London,1,779.453742,0.076584,0.056491,5.6e-05,0.007,1.0,0.25
"http://dbpedia.org/resource/Christina,_Queen_of_Sweden",http://dbpedia.org/ontology/birthPlace,http://dbpedia.org/resource/Stockholm,1,32.004599,0.081909,0.065548,0.000781,0.00025,1.0,0.25
http://dbpedia.org/resource/Aaliyah,http://dbpedia.org/ontology/birthPlace,http://dbpedia.org/resource/Brooklyn,1,2194.942356,0.161808,0.074237,0.000149,0.169,1.0,0.35
"http://dbpedia.org/resource/Diana,_Princess_of_Wales",http://dbpedia.org/ontology/birthPlace,"http://dbpedia.org/resource/Sandringham,_Norfolk",1,451.639573,0.153577,0.14522,0.000883,0.00175,1.0,0.32
http://dbpedia.org/resource/Joseph_Conrad,http://dbpedia.org/ontology/deathPlace,http://dbpedia.org/resource/Bishopsbourne,1,4530.157762,0.107905,0.090724,0.001221,0.011375,1.0,0.28
http://dbpedia.org/resource/Amerigo_Vespucci,http://dbpedia.org/ontology/deathPlace,http://dbpedia.org/resource/Seville,1,4936.979039,0.12886,0.071108,0.000117,0.108,1.0,0.25
http://dbpedia.org/resource/John_Stuart_Mill,http://dbpedia.org/ontology/birthPlace,http://dbpedia.org/resource/London_Borough_of_Islington,1,257.403716,0.086752,0.06469,0.000112,0.00475,0.0,0.79
http://dbpedia.org/resource/Henry_I_of_England,http://dbpedia.org/ontology/birthPlace,http://dbpedia.org/resource/Selby,1,14.894967,0.067449,0.060528,0.000194,0.00025,1.0,0.3
http://dbpedia.org/resource/Benoit_Mandelbrot,http://dbpedia.org/ontology/deathPlace,"http://dbpedia.org/resource/Cambridge,_Massachusetts",1,286.631809,0.093996,0.081741,4.9e-05,0.001375,0.0,0.64
"http://dbpedia.org/resource/Francis_II,_Holy_Roman_Emperor",http://dbpedia.org/ontology/deathPlace,http://dbpedia.org/resource/Vienna,1,577.917543,0.09988,0.088178,0.000205,0.01,0.0,0.69
http://dbpedia.org/resource/Amerigo_Vespucci,http://dbpedia.org/ontology/birthPlace,http://dbpedia.org/resource/Florence,1,9983.620543,0.162404,0.077512,0.00028,0.246125,1.0,0.38
http://dbpedia.org/resource/Bernardo_O'Higgins,http://dbpedia.org/ontology/deathPlace,http://dbpedia.org/resource/Lima,1,423.900918,0.303237,0.097944,0.000641,0.006875,0.0,0.69
http://dbpedia.org/resource/Abbas_II_of_Egypt,http://dbpedia.org/ontology/deathPlace,http://dbpedia.org/resource/Geneva,1,27.565085,0.100491,0.066428,1e-05,0.00025,0.0,0.69
http://dbpedia.org/resource/Catherine_of_Aragon,http://dbpedia.org/ontology/birthPlace,http://dbpedia.org/resource/Alcalá_de_Henares,1,-15.927615,0.064277,0.056907,4.6e-05,0.0,1.0,0.34
http://dbpedia.org/resource/John_Stuart_Mill,http://dbpedia.org/ontology/deathPlace,http://dbpedia.org/resource/Avignon,1,5007.339765,0.2539,0.115193,0.00013,0.044875,1.0,0.26
http://dbpedia.org/resource/Douglas_Adams,http://dbpedia.org/ontology/birthPlace,http://dbpedia.org/resource/Cambridge,1,3972.383688,0.123388,0.066796,9.4e-05,0.216,1.0,0.29
http://dbpedia.org/resource/John_Peel,http://dbpedia.org/ontology/deathPlace,http://dbpedia.org/resource/Cusco,1,3248.942372,0.047582,0.047316,0.000145,0.016,1.0,0.19
http://dbpedia.org/resource/Joris_Ivens,http://dbpedia.org/ontology/deathPlace,http://dbpedia.org/resource/Paris,1,7181.379535,0.123578,0.064844,0.000134,1.72075,1.0,0.62
http://dbpedia.org/resource/John_Peel,http://dbpedia.org/ontology/birthPlace,http://dbpedia.org/resource/Heswall,1,1041.634436,0.068836,0.062058,0.000224,0.00475,1.0,0.25
http://dbpedia.org/resource/Alfonso_IV_of_Aragon,http://dbpedia.org/ontology/deathPlace,http://dbpedia.org/resource/Barcelona,1,215.889082,0.127094,0.073842,4.3e-05,0.0005,0.0,0.71
http://dbpedia.org/resource/Ernst_Mayr,http://dbpedia.org/ontology/deathPlace,"http://dbpedia.org/resource/Bedford,_Massachusetts",1,1836.033052,0.053314,0.05878,7.2e-05,0.009125,1.0,0.18
http://dbpedia.org/resource/Cornelius_Johnson_(artist),http://dbpedia.org/ontology/birthPlace,http://dbpedia.org/resource/London,1,2628.549421,0.108933,0.055644,7.1e-05,0.9155,1.0,0.66
http://dbpedia.org/resource/Fay_Wray,http://dbpedia.org/ontology/birthPlace,http://dbpedia.org/resource/Alberta,1,-6.083438,0.084947,0.055191,1e-05,0.0,1.0,0.21
http://dbpedia.org/resource/Austen_Henry_Layard,http://dbpedia.org/ontology/birthPlace,http://dbpedia.org/resource/Paris,1,1172.874349,0.166131,0.067115,4.9e-05,0.009625,0.0,0.78
http://dbpedia.org/resource/Frédéric_Bastiat,http://dbpedia.org/ontology/birthPlace,http://dbpedia.org/resource/Bayonne,1,4868.40778,0.082435,0.058635,0.000361,0.04,1.0,0.23
http://dbpedia.org/resource/André_Weil,http://dbpedia.org/ontology/birthPlace,http://dbpedia.org/resource/Paris,1,21636.490938,0.10989,0.073082,0.000335,1.78925,1.0,0.67
http://dbpedia.org/resource/Joseph_Conrad,http://dbpedia.org/ontology/birthPlace,http://dbpedia.org/resource/Berdychiv,1,5309.848388,0.092104,0.068194,8.1e-05,0.014375,1.0,0.21
http://dbpedia.org/resource/George_Frideric_Handel,http://dbpedia.org/ontology/birthPlace,http://dbpedia.org/resource/Halle_(Saale),1,4387.059045,0.35416,0.131939,0.000935,0.044375,1.0,0.32
http://dbpedia.org/resource/Ivan_Bunin,http://dbpedia.org/ontology/birthPlace,http://dbpedia.org/resource/Voronezh,1,5141.861749,0.092104,0.063469,0.000646,0.04,1.0,0.22
http://dbpedia.org/resource/Jean-Jacques_Rousseau,http://dbpedia.org/ontology/birthPlace,http://dbpedia.org/resource/Geneva,1,6806.472157,0.156517,0.075742,5.6e-05,0.201875,1.0,0.32
http://dbpedia.org/resource/Carlo_Goldoni,http://dbpedia.org/ontology/birthPlace,http://dbpedia.org/resource/Venice,1,8051.248613,0.332034,0.113503,0.001617,0.193125,1.0,0.34
http://dbpedia.org/resource/Joe_Strummer,http://dbpedia.org/ontology/birthPlace,http://dbpedia.org/resource/Ankara,1,3700.90718,0.066497,0.054325,2.1e-05,0.180375,1.0,0.36
http://dbpedia.org/resource/Carlo_Goldoni,http://dbpedia.org/ontology/deathPlace,http://dbpedia.org/resource/Paris,1,3298.956521,0.121496,0.06188,0.000104,1.709375,1.0,0.61
http://dbpedia.org/resource/Ambrose,http://dbpedia.org/ontology/birthPlace,http://dbpedia.org/resource/Trier,1,4332.14243,0.085667,0.079358,9.8e-05,0.022,1.0,0.18
http://dbpedia.org/resource/Alfonso_IV_of_Aragon,http://dbpedia.org/ontology/birthPlace,http://dbpedia.org/resource/Naples,1,-10.431265,0.086699,0.065329,0.000247,0.0,1.0,0.29
http://dbpedia.org/resource/André_Weil,http://dbpedia.org/ontology/deathPlace,"http://dbpedia.org/resource/Princeton,_New_Jersey",1,5512.955874,0.087028,0.071583,7.5e-05,0.08075,1.0,0.14
http://dbpedia.org/resource/Emma_Goldman,http://dbpedia.org/ontology/deathPlace,http://dbpedia.org/resource/Kaunas,0,5237.361897,0.893574,0.141474,0.000192,0.079875,0.0,0.71
http://dbpedia.org/resource/John_A._Roebling,http://dbpedia.org/ontology/deathPlace,http://dbpedia.org/resource/Mühlhausen,0,1331.087317,0.893574,0.220928,0.000139,0.006,0.0,0.71
http://dbpedia.org/resource/James_Clavell,http://dbpedia.org/ontology/deathPlace,http://dbpedia.org/resource/Sydney,0,8.418581,0.104019,0.056547,1.1e-05,0.000125,0.0,0.74
http://dbpedia.org/resource/Ambrose,http://dbpedia.org/ontology/birthPlace,http://dbpedia.org/resource/Milan,0,4610.017273,0.893574,0.111881,0.001608,0.4565,0.0,0.79
http://dbpedia.org/resource/Frank_Capra,http://dbpedia.org/ontology/deathPlace,http://dbpedia.org/resource/Bisacquino,0,-15.769936,0.054012,0.062421,1.5e-05,0.0,0.0,0.43
http://dbpedia.org/resource/Alexander_Kerensky,http://dbpedia.org/ontology/deathPlace,http://dbpedia.org/resource/Ulyanovsk,0,4058.587262,0.893574,0.182195,0.00026,0.025375,0.0,0.7
http://dbpedia.org/resource/Arthur_de_Gobineau,http://dbpedia.org/ontology/deathPlace,http://dbpedia.org/resource/Ville-d'Avray,0,880.87786,0.893574,0.250267,0.000985,0.004875,0.0,0.69
http://dbpedia.org/resource/Eugene_Wigner,http://dbpedia.org/ontology/deathPlace,http://dbpedia.org/resource/Budapest,0,4107.356831,0.893574,0.107218,0.000556,0.82925,1.0,0.55
http://dbpedia.org/resource/George_Frideric_Handel,http://dbpedia.org/ontology/deathPlace,http://dbpedia.org/resource/Halle_(Saale),0,4387.059045,0.893574,0.154306,0.001299,0.044375,0.0,0.71
http://dbpedia.org/resource/Douglas_Adams,http://dbpedia.org/ontology/birthPlace,"http://dbpedia.org/resource/Santa_Barbara,_California",0,453.318062,0.129734,0.075996,2.8e-05,0.0035,0.0,0.76
http://dbpedia.org/resource/Catherine_of_Aragon,http://dbpedia.org/ontology/birthPlace,http://dbpedia.org/resource/Huntingdonshire,0,-14.609771,0.060499,0.062229,6.3e-05,0.0,1.0,0.36
http://dbpedia.org/resource/Alfonso_IV_of_Aragon,http://dbpedia.org/ontology/birthPlace,http://dbpedia.org/resource/Barcelona,0,215.889082,0.121093,0.073842,5.9e-05,0.0005,1.0,0.31
http://dbpedia.org/resource/Douglas_Adams,http://dbpedia.org/ontology/deathPlace,http://dbpedia.org/resource/Cambridge,0,3972.383688,0.893574,0.124249,6.3e-05,0.216,0.0,0.62
http://dbpedia.org/resource/Joseph_Conrad,http://dbpedia.org/ontology/birthPlace,http://dbpedia.org/resource/Bishopsbourne,0,4530.157762,0.893574,0.339454,0.001107,0.011375,0.0,0.72
http://dbpedia.org/resource/Alfonso_IV_of_Aragon,http://dbpedia.org/ontology/deathPlace,http://dbpedia.org/resource/Naples,0,-10.431265,0.092856,0.065329,0.000211,0.0,0.0,0.73
http://dbpedia.org/resource/Arthur_de_Gobineau,http://dbpedia.org/ontology/birthPlace,http://dbpedia.org/resource/Turin,0,4256.723654,0.893574,0.122748,0.000157,0.247875,0.0,0.79
"http://dbpedia.org/resource/Albert_VII,_Archduke_of_Austria",http://dbpedia.org/ontology/deathPlace,http://dbpedia.org/resource/Wiener_Neustadt,0,-14.538223,0.064142,0.06119,3.4e-05,0.0,0.0,0.57
http://dbpedia.org/resource/Joseph_Conrad,http://dbpedia.org/ontology/deathPlace,http://dbpedia.org/resource/Berdychiv,0,5309.848388,0.893574,0.208045,7e-05,0.014375,0.0,0.7
http://dbpedia.org/resource/Catherine_of_Aragon,http://dbpedia.org/ontology/deathPlace,http://dbpedia.org/resource/Alcalá_de_Henares,0,-15.927615,0.069074,0.056907,4.2e-05,0.0,0.0,0.73
http://dbpedia.org/resource/Joris_Ivens,http://dbpedia.org/ontology/deathPlace,http://dbpedia.org/resource/Nijmegen,0,48075.214562,0.893574,0.155117,0.000186,0.0755,0.0,0.71
http://dbpedia.org/resource/Gregory_Bateson,http://dbpedia.org/ontology/deathPlace,http://dbpedia.org/resource/Grantchester,0,2914.342512,0.893574,0.280509,0.000198,0.011125,0.0,0.72
http://dbpedia.org/resource/James_Wilkinson,http://dbpedia.org/ontology/birthPlace,http://dbpedia.org/resource/Mexico_City,0,3684.491273,0.893574,0.106414,0.000117,1.416125,0.0,0.93
http://dbpedia.org/resource/Ivan_Bunin,http://dbpedia.org/ontology/deathPlace,http://dbpedia.org/resource/Voronezh,0,5141.861749,0.893574,0.156629,0.000674,0.04,0.0,0.68
http://dbpedia.org/resource/J._R._R._Tolkien,http://dbpedia.org/ontology/deathPlace,http://dbpedia.org/resource/Bloemfontein,0,8441.21223,0.893574,0.14985,5.4e-05,0.073375,0.0,0.67
http://dbpedia.org/resource/Gregory_Bateson,http://dbpedia.org/ontology/birthPlace,http://dbpedia.org/resource/San_Francisco,0,449.433678,0.113513,0.073474,9.2e-05,0.005375,1.0,0.25
http://dbpedia.org/resource/Jean-Jacques_Rousseau,http://dbpedia.org/ontology/birthPlace,http://dbpedia.org/resource/Ermenonville,0,7177.457578,0.893574,0.476505,0.000703,0.02525,0.0,0.72
http://dbpedia.org/resource/Alfred_Hitchcock,http://dbpedia.org/ontology/birthPlace,"http://dbpedia.org/resource/Bel_Air,_Los_Angeles",0,7095.931011,0.893574,0.215629,0.000162,0.039625,0.0,0.74
http://dbpedia.org/resource/F._F._E._Yeo-Thomas,http://dbpedia.org/ontology/deathPlace,http://dbpedia.org/resource/London,0,779.453742,0.081084,0.056491,3.6e-05,0.007,0.0,0.67
http://dbpedia.org/resource/Ernst_Mayr,http://dbpedia.org/ontology/deathPlace,http://dbpedia.org/resource/Kempten,0,1568.478536,0.893574,0.210031,9.7e-05,0.008375,0.0,0.71
http://dbpedia.org/resource/Frank_Capra,http://dbpedia.org/ontology/birthPlace,"http://dbpedia.org/resource/La_Quinta,_California",0,26.398006,0.063945,0.065209,8.2e-05,0.00025,1.0,0.23
http://dbpedia.org/resource/Ivan_Bunin,http://dbpedia.org/ontology/birthPlace,http://dbpedia.org/resource/Paris,0,3322.896622,0.893574,0.09787,0.000397,2.66625,0.0,0.91
http://dbpedia.org/resource/Carlo_Goldoni,http://dbpedia.org/ontology/deathPlace,http://dbpedia.org/resource/Venice,0,8051.248613,0.893574,0.129672,0.001458,0.193125,0.0,0.7
http://dbpedia.org/resource/Anton_Chekhov,http://dbpedia.org/ontology/birthPlace,http://dbpedia.org/resource/Badenweiler,0,3316.483914,0.893574,0.302793,0.000143,0.01875,0.0,0.75
http://dbpedia.org/resource/Austen_Henry_Layard,http://dbpedia.org/ontology/deathPlace,http://dbpedia.org/resource/Paris,0,1172.874349,0.146762,0.067115,6.1e-05,0.009625,1.0,0.27
http://dbpedia.org/resource/John_A._Macdonald,http://dbpedia.org/ontology/birthPlace,http://dbpedia.org/resource/Ottawa,0,4381.721602,0.893574,0.112394,0.000433,0.842,0.0,0.87
http://dbpedia.org/resource/Joe_Strummer,http://dbpedia.org/ontology/deathPlace,http://dbpedia.org/resource/Ankara,0,3700.90718,0.893574,0.125081,2.6e-05,0.180375,0.0,0.7
"http://dbpedia.org/resource/Albert_VII,_Archduke_of_Austria",http://dbpedia.org/ontology/birthPlace,http://dbpedia.org/resource/Brussels,0,34.054267,0.089123,0.088676,0.000135,0.00025,1.0,0.21
http://dbpedia.org/resource/Anton_Chekhov,http://dbpedia.org/ontology/deathPlace,http://dbpedia.org/resource/Taganrog,0,4067.554178,0.893574,0.160763,0.000977,0.05775,0.0,0.69
http://dbpedia.org/resource/Benoit_Mandelbrot,http://dbpedia.org/ontology/deathPlace,http://dbpedia.org/resource/Warsaw,0,245.737563,0.092955,0.076464,4.4e-05,0.000875,0.0,0.62
http://dbpedia.org/resource/George_Frideric_Handel,http://dbpedia.org/ontology/birthPlace,http://dbpedia.org/resource/London,0,2451.406212,0.893574,0.090621,0.000138,4.32875,0.0,0.93
http://dbpedia.org/resource/Adelaide_of_Italy,http://dbpedia.org/ontology/deathPlace,http://dbpedia.org/resource/Orbe,0,872.429811,0.893574,0.244436,0.00055,0.004625,0.0,0.69
http://dbpedia.org/resource/James_Wilkinson,http://dbpedia.org/ontology/deathPlace,"http://dbpedia.org/resource/Benedict,_Maryland",0,65.662996,0.156259,0.144532,0.001676,0.002875,0.0,0.7
http://dbpedia.org/resource/Aaliyah,http://dbpedia.org/ontology/deathPlace,http://dbpedia.org/resource/Brooklyn,0,2194.942356,0.161024,0.074237,0.000128,0.169,0.0,0.71
http://dbpedia.org/resource/Hawley_Harvey_Crippen,http://dbpedia.org/ontology/birthPlace,http://dbpedia.org/resource/London,0,2658.249021,0.893574,0.090621,0.000397,4.3265,0.0,0.91
http://dbpedia.org/resource/Abbas_II_of_Egypt,http://dbpedia.org/ontology/birthPlace,http://dbpedia.org/resource/Geneva,0,27.565085,0.092233,0.066428,9e-06,0.00025,1.0,0.2
http://dbpedia.org/resource/Joris_Ivens,http://dbpedia.org/ontology/birthPlace,http://dbpedia.org/resource/Paris,0,7181.379535,0.893574,0.09787,0.000132,1.72075,0.0,0.93
http://dbpedia.org/resource/John_A._Roebling,http://dbpedia.org/ontology/birthPlace,http://dbpedia.org/resource/New_York_City,0,2522.56036,0.893574,0.090201,0.000402,3.539625,0.0,0.91
http://dbpedia.org/resource/John_Stuart_Mill,http://dbpedia.org/ontology/deathPlace,http://dbpedia.org/resource/London_Borough_of_Islington,0,257.403716,0.077492,0.06469,0.000132,0.00475,1.0,0.18
http://dbpedia.org/resource/Jean-Jacques_Rousseau,http://dbpedia.org/ontology/deathPlace,http://dbpedia.org/resource/Geneva,0,6806.472157,0.893574,0.126189,6.7e-05,0.201875,0.0,0.63
http://dbpedia.org/resource/Cornelius_Johnson_(artist),http://dbpedia.org/ontology/deathPlace,http://dbpedia.org/resource/London,0,2628.549421,0.123298,0.055644,0.000118,0.9155,0.0,0.91
"http://dbpedia.org/resource/Francis_II,_Holy_Roman_Emperor",http://dbpedia.org/ontology/birthPlace,http://dbpedia.org/resource/Vienna,0,577.917543,0.097074,0.088178,0.000136,0.01,1.0,0.2
http://dbpedia.org/resource/Fay_Wray,http://dbpedia.org/ontology/deathPlace,http://dbpedia.org/resource/Alberta,0,-6.083438,0.088136,0.055191,1.1e-05,0.0,0.0,0.72
http://dbpedia.org/resource/Eduard_von_Böhm-Ermolli,http://dbpedia.org/ontology/birthPlace,http://dbpedia.org/resource/Opava,0,-14.400721,0.06653,0.060184,4.4e-05,0.0,1.0,0.36
http://dbpedia.org/resource/Abd_al-Rahman_I,http://dbpedia.org/ontology/birthPlace,"http://dbpedia.org/resource/Córdoba,_Spain",0,-13.685083,0.080343,0.072711,6.3e-05,0.0,1.0,0.24
http://dbpedia.org/resource/Fay_Wray,http://dbpedia.org/ontology/birthPlace,http://dbpedia.org/resource/New_York_City,0,1091.203013,0.166241,0.06804,4.7e-05,0.009875,1.0,0.33
http://dbpedia.org/resource/John_von_Neumann,http://dbpedia.org/ontology/birthPlace,"http://dbpedia.org/resource/Washington,_D.C.",0,1738.451826,0.893574,0.099963,4.6e-05,1.7905,0.0,0.93
http://dbpedia.org/resource/Amerigo_Vespucci,http://dbpedia.org/ontology/birthPlace,http://dbpedia.org/resource/Seville,0,4936.979039,0.893574,0.132994,0.000147,0.108,0.0,0.75
http://dbpedia.org/resource/Henry_Moseley,http://dbpedia.org/ontology/birthPlace,http://dbpedia.org/resource/Gelibolu,0,151.553694,0.090476,0.075922,7.6e-05,0.000875,0.0,0.76
http://dbpedia.org/resource/F._F._E._Yeo-Thomas,http://dbpedia.org/ontology/birthPlace,http://dbpedia.org/resource/Paris,0,3289.969428,0.073804,0.059226,5.2e-05,0.02775,1.0,0.27
http://dbpedia.org/resource/Henry_Moseley,http://dbpedia.org/ontology/deathPlace,"http://dbpedia.org/resource/Weymouth,_Dorset",0,4694.308851,0.893574,0.176279,0.000213,0.02925,0.0,0.72
http://dbpedia.org/resource/Abd_al-Rahman_I,http://dbpedia.org/ontology/deathPlace,http://dbpedia.org/resource/Damascus,0,-12.01276,0.097114,0.070612,3.4e-05,0.0,0.0,0.72
http://dbpedia.org/resource/C._S._Forester,http://dbpedia.org/ontology/deathPlace,http://dbpedia.org/resource/Cairo,0,4181.19376,0.893574,0.117458,0.000197,0.317625,1.0,0.39
http://dbpedia.org/resource/Hawley_Harvey_Crippen,http://dbpedia.org/ontology/deathPlace,"http://dbpedia.org/resource/Coldwater,_Michigan",0,2570.689749,0.893574,0.192691,0.000137,0.010625,0.0,0.71
http://dbpedia.org/resource/John_Peel,http://dbpedia.org/ontology/birthPlace,http://dbpedia.org/resource/Cusco,0,3248.942372,0.893574,0.178091,0.000131,0.016,0.0,0.76
"http://dbpedia.org/resource/Christina,_Queen_of_Sweden",http://dbpedia.org/ontology/birthPlace,http://dbpedia.org/resource/Rome,0,-9.193523,0.077242,0.051436,1.9e-05,0.0,1.0,0.22
http://dbpedia.org/resource/John_Peel,http://dbpedia.org/ontology/deathPlace,http://dbpedia.org/resource/Heswall,0,1041.634436,0.893574,0.250267,0.000229,0.00475,0.0,0.69
http://dbpedia.org/resource/André_Weil,http://dbpedia.org/ontology/birthPlace,"http://dbpedia.org/resource/Princeton,_New_Jersey",0,5512.955874,0.893574,0.137641,8.3e-05,0.08075,0.0,0.76
http://dbpedia.org/resource/John_von_Neumann,http://dbpedia.org/ontology/deathPlace,http://dbpedia.org/resource/Budapest,0,4162.407144,0.893574,0.107218,0.000134,0.93,0.0,0.92
http://dbpedia.org/resource/Eugene_Wigner,http://dbpedia.org/ontology/birthPlace,"http://dbpedia.org/resource/Princeton,_New_Jersey",0,4175.967395,0.893574,0.137641,0.000143,0.07525,0.0,0.75
http://dbpedia.org/resource/Emma_Goldman,http://dbpedia.org/ontology/birthPlace,http://dbpedia.org/resource/Toronto,0,7992.352738,0.893574,0.099205,5.9e-05,1.332375,0.0,0.92
http://dbpedia.org/resource/Augustus_II_the_Strong,http://dbpedia.org/ontology/deathPlace,http://dbpedia.org/resource/Dresden,0,294.820211,0.192654,0.093266,7.9e-05,0.000875,0.0,0.69
http://dbpedia.org/resource/Frédéric_Bastiat,http://dbpedia.org/ontology/birthPlace,http://dbpedia.org/resource/Rome,0,9741.325251,0.893574,0.102577,0.000111,1.2525,0.0,0.93
"http://dbpedia.org/resource/Francis_II,_Holy_Roman_Emperor",http://dbpedia.org/ontology/deathPlace,http://dbpedia.org/resource/Florence,0,75.799053,0.128807,0.074633,3.6e-05,0.000375,0.0,0.71
http://dbpedia.org/resource/Eduard_von_Böhm-Ermolli,http://dbpedia.org/ontology/deathPlace,http://dbpedia.org/resource/Ancona,0,31.811331,0.05291,0.060211,2.8e-05,0.000375,0.0,0.54
http://dbpedia.org/resource/Austen_Henry_Layard,http://dbpedia.org/ontology/birthPlace,http://dbpedia.org/resource/London,0,4371.901115,0.20394,0.074976,0.000378,0.06475,1.0,0.3
http://dbpedia.org/resource/Joe_Strummer,http://dbpedia.org/ontology/birthPlace,"http://dbpedia.org/resource/Broomfield,_Somerset",0,11619.950091,0.893574,0.286952,0.000204,0.0165,0.0,0.75
"http://dbpedia.org/resource/Christina,_Queen_of_Sweden",http://dbpedia.org/ontology/deathPlace,http://dbpedia.org/resource/Stockholm,0,32.004599,0.097584,0.065548,0.000961,0.00025,0.0,0.65
http://dbpedia.org/resource/Irenaeus,http://dbpedia.org/ontology/birthPlace,http://dbpedia.org/resource/Lyon,0,4319.640951,0.259546,0.102502,0.000957,0.090875,1.0,0.34
http://dbpedia.org/resource/Cornelius_Johnson_(artist),http://dbpedia.org/ontology/birthPlace,http://dbpedia.org/resource/Utrecht,0,4202.850869,0.893574,0.13483,0.000337,0.153,1.0,0.34
http://dbpedia.org/resource/Alfred_Hitchcock,http://dbpedia.org/ontology/deathPlace,http://dbpedia.org/resource/London,0,3006.419576,0.27786,0.077036,0.000118,0.062125,0.0,0.69
http://dbpedia.org/resource/Adelaide_of_Italy,http://dbpedia.org/ontology/birthPlace,http://dbpedia.org/resource/Alsace,0,4652.011751,0.893574,0.162668,0.000201,0.0265,0.0,0.75
http://dbpedia.org/resource/Frédéric_Bastiat,http://dbpedia.org/ontology/deathPlace,http://dbpedia.org/resource/Bayonne,0,4868.40778,0.893574,0.166372,0.000398,0.04,0.0,0.69
http://dbpedia.org/resource/John_Stuart_Mill,http://dbpedia.org/ontology/birthPlace,http://dbpedia.org/resource/Avignon,0,5007.339765,0.893574,0.159154,0.000228,0.044875,0.0,0.72
http://dbpedia.org/resource/Carlo_Goldoni,http://dbpedia.org/ontology/birthPlace,http://dbpedia.org/resource/Paris,0,3298.956521,0.893574,0.09787,9.7e-05,1.709375,0.0,0.93
http://dbpedia.org/resource/Benoit_Mandelbrot,http://dbpedia.org/ontology/birthPlace,"http://dbpedia.org/resource/Cambridge,_Massachusetts",0,286.631809,0.084959,0.081741,5.9e-05,0.001375,1.0,0.22
http://dbpedia.org/resource/Aaliyah,http://dbpedia.org/ontology/birthPlace,http://dbpedia.org/resource/Marsh_Harbour,0,7915.943901,0.893574,0.312771,0.001291,0.019,0.0,0.73
http://dbpedia.org/resource/Henry_I_of_England,http://dbpedia.org/ontology/birthPlace,http://dbpedia.org/resource/Lyons-la-Forêt,0,-18.354889,0.072698,0.08401,0.000755,0.0,1.0,0.33
http://dbpedia.org/resource/James_Clavell,http://dbpedia.org/ontology/birthPlace,http://dbpedia.org/resource/Vevey,0,8409.247979,0.893574,0.187591,0.000134,0.019125,0.0,0.76
http://dbpedia.org/resource/Irenaeus,http://dbpedia.org/ontology/deathPlace,http://dbpedia.org/resource/İzmir,0,3550.124245,0.118086,0.077524,0.000165,0.05025,0.0,0.71
http://dbpedia.org/resource/Ernst_Mayr,http://dbpedia.org/ontology/birthPlace,"http://dbpedia.org/resource/Bedford,_Massachusetts",0,1836.033052,0.893574,0.204423,0.000101,0.009125,0.0,0.75
http://dbpedia.org/resource/J._R._R._Tolkien,http://dbpedia.org/ontology/birthPlace,http://dbpedia.org/resource/Bournemouth,0,7205.996637,0.893574,0.140973,7.6e-05,0.098875,0.0,0.74
http://dbpedia.org/resource/Henry_I_of_England,http://dbpedia.org/ontology/deathPlace,http://dbpedia.org/resource/Selby,0,14.894967,0.071653,0.060528,0.000134,0.00025,0.0,0.66
http://dbpedia.org/resource/Bernardo_O'Higgins,http://dbpedia.org/ontology/deathPlace,http://dbpedia.org/resource/Chillán,0,252.852652,0.292667,0.152603,0.00139,0.003875,0.0,0.71
"http://dbpedia.org/resource/Diana,_Princess_of_Wales",http://dbpedia.org/ontology/birthPlace,http://dbpedia.org/resource/Paris,0,27.665736,0.108899,0.076623,8.7e-05,0.002625,1.0,0.28
http://dbpedia.org/resource/Amerigo_Vespucci,http://dbpedia.org/ontology/deathPlace,http://dbpedia.org/resource/Florence,0,9983.620543,0.893574,0.123749,0.000287,0.246125,0.0,0.68
http://dbpedia.org/resource/C._S._Forester,http://dbpedia.org/ontology/birthPlace,"http://dbpedia.org/resource/Fullerton,_California",0,4267.627345,0.893574,0.159676,9.7e-05,0.028875,0.0,0.77
http://dbpedia.org/resource/Bernardo_O'Higgins,http://dbpedia.org/ontology/birthPlace,http://dbpedia.org/resource/Lima,0,423.900918,0.267824,0.097944,0.000624,0.006875,1.0,0.32
http://dbpedia.org/resource/John_A._Macdonald,http://dbpedia.org/ontology/deathPlace,http://dbpedia.org/resource/Glasgow,0,3846.392276,0.893574,0.106115,6.4e-05,0.837,0.0,0.84
http://dbpedia.org/resource/Augustus_II_the_Strong,http://dbpedia.org/ontology/birthPlace,http://dbpedia.org/resource/Warsaw,0,252.210959,0.119766,0.072804,0.000178,0.0015,1.0,0.26
http://dbpedia.org/resource/André_Weil,http://dbpedia.org/ontology/deathPlace,http://dbpedia.org/resource/Paris,0,21636.490938,0.893574,0.09787,0.000268,1.78925,0.0,0.92
http://dbpedia.org/resource/Abbas_II_of_Egypt,http://dbpedia.org/ontology/deathPlace,http://dbpedia.org/resource/Alexandria,0,421.423598,0.123991,0.078208,0.000167,0.002625,0.0,0.7
http://dbpedia.org/resource/Alexander_Kerensky,http://dbpedia.org/ontology/birthPlace,http://dbpedia.org/resource/New_York_City,0,2419.615756,0.893574,0.090201,4.6e-05,4.6455,0.0,0.93
"http://dbpedia.org/resource/Diana,_Princess_of_Wales",http://dbpedia.org/ontology/deathPlace,"http://dbpedia.org/resource/Sandringham,_Norfolk",0,451.639573,0.151797,0.14522,0.000894,0.00175,0.0,0.69
