subject,predicate,object,truth,katz,jaccard,pathent,ks,simrank,kl,ensemble_score
http://dbpedia.org/resource/Gregory_Bateson,http://dbpedia.org/ontology/birthPlace,http://dbpedia.org/resource/Grantchester,1,0.011125,0.0,2914.342512,0.034462,0.000169,0.073111,0.3456976123963208
http://dbpedia.org/resource/C._S._Forester,http://dbpedia.org/ontology/birthPlace,http://dbpedia.org/resource/Cairo,1,0.317625,0.001075,4181.19376,0.045356,0.000114,0.075999,0.3456976123963208
http://dbpedia.org/resource/Emma_Goldman,http://dbpedia.org/ontology/deathPlace,http://dbpedia.org/resource/Toronto,1,1.332375,0.000113,7992.352738,0.04189,3.6e-05,0.059937,0.13854036863675445
http://dbpedia.org/resource/Abd_al-Rahman_I,http://dbpedia.org/ontology/birthPlace,http://dbpedia.org/resource/Damascus,1,0.0,0.0,-12.01276,0.050632,3.1e-05,0.070612,0.5751735360123639
http://dbpedia.org/resource/Augustus_II_the_Strong,http://dbpedia.org/ontology/deathPlace,http://dbpedia.org/resource/Warsaw,1,0.0015,0.0,252.210959,0.077942,0.00017,0.072804,0.1631335124991492
http://dbpedia.org/resource/Augustus_II_the_Strong,http://dbpedia.org/ontology/birthPlace,http://dbpedia.org/resource/Dresden,1,0.000875,0.0,294.820211,0.089231,8.5e-05,0.093266,0.2713390333483734
http://dbpedia.org/resource/Hawley_Harvey_Crippen,http://dbpedia.org/ontology/deathPlace,http://dbpedia.org/resource/London,1,4.3265,8.8e-05,2658.249021,0.068394,0.000377,0.06543,0.1206116315124176
http://dbpedia.org/resource/J._R._R._Tolkien,http://dbpedia.org/ontology/deathPlace,http://dbpedia.org/resource/Bournemouth,1,0.098875,0.005199,7205.996637,0.112085,0.000139,0.112545,0.15944473069168708
http://dbpedia.org/resource/Abbas_II_of_Egypt,http://dbpedia.org/ontology/birthPlace,http://dbpedia.org/resource/Alexandria,1,0.002625,0.0,421.423598,0.047468,0.000271,0.078208,0.41638674630691197
http://dbpedia.org/resource/John_von_Neumann,http://dbpedia.org/ontology/birthPlace,http://dbpedia.org/resource/Budapest,1,0.93,0.001872,4162.407144,0.098703,0.000119,0.086776,0.20760960236248593
http://dbpedia.org/resource/Joris_Ivens,http://dbpedia.org/ontology/birthPlace,http://dbpedia.org/resource/Nijmegen,1,0.0755,0.003906,48075.214562,0.034252,0.000184,0.063347,0.3456976123963208
http://dbpedia.org/resource/Benoit_Mandelbrot,http://dbpedia.org/ontology/birthPlace,http://dbpedia.org/resource/Warsaw,1,0.000875,0.0,245.737563,0.04308,7e-05,0.076464,0.4288732235390724
http://dbpedia.org/resource/J._R._R._Tolkien,http://dbpedia.org/ontology/birthPlace,http://dbpedia.org/resource/Bloemfontein,1,0.073375,0.002342,8441.21223,0.049128,4.6e-05,0.0895,0.3456976123963208
http://dbpedia.org/resource/Anton_Chekhov,http://dbpedia.org/ontology/birthPlace,http://dbpedia.org/resource/Taganrog,1,0.05775,0.009494,4067.554178,0.195843,0.001073,0.127717,0.17670344491592427
http://dbpedia.org/resource/Aaliyah,http://dbpedia.org/ontology/deathPlace,http://dbpedia.org/resource/Marsh_Harbour,1,0.019,0.032258,7915.943901,0.095992,0.001485,0.165825,0.5224813670578119
http://dbpedia.org/resource/Ivan_Bunin,http://dbpedia.org/ontology/deathPlace,http://dbpedia.org/resource/Paris,1,2.66625,0.000198,3322.896622,0.041606,0.000502,0.059535,0.13854036863675445
http://dbpedia.org/resource/Alexander_Kerensky,http://dbpedia.org/ontology/birthPlace,http://dbpedia.org/resource/Ulyanovsk,1,0.025375,0.008264,4058.587262,0.094572,0.000333,0.120166,0.20760960236248593
http://dbpedia.org/resource/Ernst_Mayr,http://dbpedia.org/ontology/birthPlace,http://dbpedia.org/resource/Kempten,1,0.008375,0.0,1568.478536,0.030608,9.3e-05,0.068387,0.3456976123963208
http://dbpedia.org/resource/Austen_Henry_Layard,http://dbpedia.org/ontology/deathPlace,http://dbpedia.org/resource/London,1,0.06475,0.000131,4371.901115,0.078423,0.000478,0.074976,0.1206116315124176
http://dbpedia.org/resource/Douglas_Adams,http://dbpedia.org/ontology/deathPlace,"http://dbpedia.org/resource/Santa_Barbara,_California",1,0.0035,0.0,453.318062,0.057783,2.7e-05,0.075996,0.20994309895318453
http://dbpedia.org/resource/James_Wilkinson,http://dbpedia.org/ontology/birthPlace,"http://dbpedia.org/resource/Benedict,_Maryland",1,0.002875,0.032258,65.662996,0.061053,0.00211,0.144532,0.7249894347407704
http://dbpedia.org/resource/Arthur_de_Gobineau,http://dbpedia.org/ontology/birthPlace,http://dbpedia.org/resource/Ville-d'Avray,1,0.004875,0.0,880.87786,0.057444,0.00106,0.091071,0.38307725574540685
"http://dbpedia.org/resource/Francis_II,_Holy_Roman_Emperor",http://dbpedia.org/ontology/birthPlace,http://dbpedia.org/resource/Florence,1,0.000375,0.0,75.799053,0.053135,3.3e-05,0.074633,0.39392762708652507
http://dbpedia.org/resource/John_A._Roebling,http://dbpedia.org/ontology/birthPlace,http://dbpedia.org/resource/Mühlhausen,1,0.006,0.0,1331.087317,0.048281,0.000108,0.095077,0.41638674630691197
http://dbpedia.org/resource/Cornelius_Johnson_(artist),http://dbpedia.org/ontology/deathPlace,http://dbpedia.org/resource/Utrecht,1,0.153,0.001623,4202.850869,0.035725,0.000419,0.069671,0.13854036863675445
http://dbpedia.org/resource/John_A._Macdonald,http://dbpedia.org/ontology/deathPlace,http://dbpedia.org/resource/Ottawa,1,0.842,0.001453,4381.721602,0.136882,0.000484,0.092224,0.13445001036940174
http://dbpedia.org/resource/John_A._Roebling,http://dbpedia.org/ontology/deathPlace,http://dbpedia.org/resource/New_York_City,1,3.539625,8.3e-05,2522.56036,0.051107,0.0004,0.072156,0.13854036863675445
http://dbpedia.org/resource/James_Wilkinson,http://dbpedia.org/ontology/deathPlace,http://dbpedia.org/resource/Mexico_City,1,1.416125,0.000673,3684.491273,0.144137,0.000105,0.106414,0.13445001036940174
http://dbpedia.org/resource/Arthur_de_Gobineau,http://dbpedia.org/ontology/deathPlace,http://dbpedia.org/resource/Turin,1,0.247875,0.001561,4256.723654,0.04225,0.000151,0.062247,0.13854036863675445
http://dbpedia.org/resource/Frédéric_Bastiat,http://dbpedia.org/ontology/deathPlace,http://dbpedia.org/resource/Rome,1,1.2525,0.000316,9741.325251,0.036329,0.000111,0.062314,0.13854036863675445
http://dbpedia.org/resource/Adelaide_of_Italy,http://dbpedia.org/ontology/birthPlace,http://dbpedia.org/resource/Orbe,1,0.004625,0.0,872.429811,0.017348,0.00059,0.065264,0.4227133278272003
"http://dbpedia.org/resource/Albert_VII,_Archduke_of_Austria",http://dbpedia.org/ontology/birthPlace,http://dbpedia.org/resource/Wiener_Neustadt,1,0.0,0.0,-14.538223,0.042907,3.2e-05,0.06119,0.5751735360123639
http://dbpedia.org/resource/Irenaeus,http://dbpedia.org/ontology/birthPlace,http://dbpedia.org/resource/İzmir,1,0.05025,0.001799,3550.124245,0.056701,0.000142,0.077524,0.3149909213874579
http://dbpedia.org/resource/Henry_Moseley,http://dbpedia.org/ontology/birthPlace,"http://dbpedia.org/resource/Weymouth,_Dorset",1,0.02925,0.008264,4694.308851,0.051149,0.000293,0.078409,0.3456976123963208
http://dbpedia.org/resource/Eduard_von_Böhm-Ermolli,http://dbpedia.org/ontology/birthPlace,http://dbpedia.org/resource/Ancona,1,0.000375,0.0,31.811331,0.035055,3.5e-05,0.060211,0.3911473137355569
http://dbpedia.org/resource/Henry_I_of_England,http://dbpedia.org/ontology/deathPlace,http://dbpedia.org/resource/Lyons-la-Forêt,1,0.0,0.0,-18.354889,0.032816,0.000767,0.08401,0.2901947703286607
http://dbpedia.org/resource/Irenaeus,http://dbpedia.org/ontology/deathPlace,http://dbpedia.org/resource/Lyon,1,0.090875,0.001873,4319.640951,0.092601,0.001252,0.102502,0.14839208054995423
http://dbpedia.org/resource/F._F._E._Yeo-Thomas,http://dbpedia.org/ontology/deathPlace,http://dbpedia.org/resource/Paris,1,0.02775,0.0,3289.969428,0.037803,7.9e-05,0.059226,0.13854036863675445
http://dbpedia.org/resource/Eugene_Wigner,http://dbpedia.org/ontology/deathPlace,"http://dbpedia.org/resource/Princeton,_New_Jersey",1,0.07525,0.0,4175.967395,0.065928,0.00019,0.083965,0.1644271965306633
http://dbpedia.org/resource/Anton_Chekhov,http://dbpedia.org/ontology/deathPlace,http://dbpedia.org/resource/Badenweiler,1,0.01875,0.0,3316.483914,0.048992,0.000127,0.099431,0.13854036863675445
"http://dbpedia.org/resource/Diana,_Princess_of_Wales",http://dbpedia.org/ontology/deathPlace,http://dbpedia.org/resource/Paris,1,0.002625,9.9e-05,27.665736,0.0513,0.000166,0.076623,0.1784205426975114
http://dbpedia.org/resource/Abd_al-Rahman_I,http://dbpedia.org/ontology/deathPlace,"http://dbpedia.org/resource/Córdoba,_Spain",1,0.0,0.0,-13.685083,0.043868,7.2e-05,0.072711,0.2901947703286607
http://dbpedia.org/resource/Frank_Capra,http://dbpedia.org/ontology/birthPlace,http://dbpedia.org/resource/Bisacquino,1,0.0,0.0,-15.769936,0.036751,1.1e-05,0.062421,0.5751735360123639
"http://dbpedia.org/resource/Albert_VII,_Archduke_of_Austria",http://dbpedia.org/ontology/deathPlace,http://dbpedia.org/resource/Brussels,1,0.00025,0.0,34.054267,0.070726,0.00017,0.088676,0.1429332793162802
http://dbpedia.org/resource/Catherine_of_Aragon,http://dbpedia.org/ontology/deathPlace,http://dbpedia.org/resource/Huntingdonshire,1,0.0,0.0,-14.609771,0.034582,6.1e-05,0.062229,0.2901947703286607
http://dbpedia.org/resource/C._S._Forester,http://dbpedia.org/ontology/deathPlace,"http://dbpedia.org/resource/Fullerton,_California",1,0.028875,0.0,4267.627345,0.031849,4.8e-05,0.049798,0.13854036863675445
http://dbpedia.org/resource/John_von_Neumann,http://dbpedia.org/ontology/deathPlace,"http://dbpedia.org/resource/Washington,_D.C.",1,1.7905,0.000242,1738.451826,0.069992,5.5e-05,0.067314,0.1206116315124176
"http://dbpedia.org/resource/Christina,_Queen_of_Sweden",http://dbpedia.org/ontology/deathPlace,http://dbpedia.org/resource/Rome,1,0.0,0.0,-9.193523,0.039981,2.3e-05,0.051436,0.2901947703286607
http://dbpedia.org/resource/James_Clavell,http://dbpedia.org/ontology/birthPlace,http://dbpedia.org/resource/Sydney,1,0.000125,0.0,8.418581,0.051408,1.2e-05,0.056547,0.43787140770795663
http://dbpedia.org/resource/Henry_Moseley,http://dbpedia.org/ontology/deathPlace,http://dbpedia.org/resource/Gelibolu,1,0.000875,0.0,151.553694,0.038365,5.9e-05,0.075922,0.18604581447190793
http://dbpedia.org/resource/George_Frideric_Handel,http://dbpedia.org/ontology/deathPlace,http://dbpedia.org/resource/London,1,4.32875,8.8e-05,2451.406212,0.068808,0.000176,0.063235,0.1206116315124176
http://dbpedia.org/resource/Gregory_Bateson,http://dbpedia.org/ontology/deathPlace,http://dbpedia.org/resource/San_Francisco,1,0.005375,0.000185,449.433678,0.071441,9.7e-05,0.073474,0.1562670341240774
http://dbpedia.org/resource/Fay_Wray,http://dbpedia.org/ontology/deathPlace,http://dbpedia.org/resource/New_York_City,1,0.009875,4.2e-05,1091.203013,0.074585,4.8e-05,0.06804,0.1206116315124176
http://dbpedia.org/resource/Alfred_Hitchcock,http://dbpedia.org/ontology/deathPlace,"http://dbpedia.org/resource/Bel_Air,_Los_Angeles",1,0.039625,0.015748,7095.931011,0.071472,0.000164,0.121638,0.1183414560050341
http://dbpedia.org/resource/Frank_Capra,http://dbpedia.org/ontology/deathPlace,"http://dbpedia.org/resource/La_Quinta,_California",1,0.00025,0.0,26.398006,0.046122,9e-05,0.065209,0.1635629453939874
http://dbpedia.org/resource/Eduard_von_Böhm-Ermolli,http://dbpedia.org/ontology/deathPlace,http://dbpedia.org/resource/Opava,1,0.0,0.0,-14.400721,0.033388,5.6e-05,0.060184,0.2901947703286607
http://dbpedia.org/resource/James_Clavell,http://dbpedia.org/ontology/deathPlace,http://dbpedia.org/resource/Vevey,1,0.019125,0.0,8409.247979,0.045192,0.000132,0.077855,0.13854036863675445
http://dbpedia.org/resource/Hawley_Harvey_Crippen,http://dbpedia.org/ontology/birthPlace,"http://dbpedia.org/resource/Coldwater,_Michigan",1,0.010625,0.0,2570.689749,0.020252,0.000132,0.049677,0.35159720386732385
http://dbpedia.org/resource/John_A._Macdonald,http://dbpedia.org/ontology/birthPlace,http://dbpedia.org/resource/Glasgow,1,0.837,0.000433,3846.392276,0.057859,4.3e-05,0.061554,0.3149909213874579
http://dbpedia.org/resource/Bernardo_O'Higgins,http://dbpedia.org/ontology/birthPlace,http://dbpedia.org/resource/Chillán,1,0.003875,0.015873,252.852652,0.139506,0.00141,0.152603,0.22470373299373747
http://dbpedia.org/resource/Alexander_Kerensky,http://dbpedia.org/ontology/deathPlace,http://dbpedia.org/resource/New_York_City,1,4.6455,8.3e-05,2419.615756,0.069474,4.9e-05,0.067247,0.1206116315124176
http://dbpedia.org/resource/Eugene_Wigner,http://dbpedia.org/ontology/birthPlace,http://dbpedia.org/resource/Budapest,1,0.82925,0.001206,4107.356831,0.091269,0.000476,0.082237,0.20760960236248593
http://dbpedia.org/resource/Jean-Jacques_Rousseau,http://dbpedia.org/ontology/deathPlace,http://dbpedia.org/resource/Ermenonville,1,0.02525,0.0,7177.457578,0.025772,0.000559,0.070219,0.1416701301460459
http://dbpedia.org/resource/Adelaide_of_Italy,http://dbpedia.org/ontology/deathPlace,http://dbpedia.org/resource/Alsace,1,0.0265,0.0,4652.011751,0.059566,0.000245,0.077634,0.1644271965306633
http://dbpedia.org/resource/Emma_Goldman,http://dbpedia.org/ontology/birthPlace,http://dbpedia.org/resource/Kaunas,1,0.079875,0.00431,5237.361897,0.058225,0.000126,0.087828,0.3149909213874579
http://dbpedia.org/resource/Alfred_Hitchcock,http://dbpedia.org/ontology/birthPlace,http://dbpedia.org/resource/London,1,0.062125,0.000131,3006.419576,0.098428,7.8e-05,0.077036,0.20760960236248593
http://dbpedia.org/resource/Joe_Strummer,http://dbpedia.org/ontology/deathPlace,"http://dbpedia.org/resource/Broomfield,_Somerset",1,0.0165,0.0,11619.950091,0.023438,0.000216,0.05886,0.1416701301460459
http://dbpedia.org/resource/F._F._E._Yeo-Thomas,http://dbpedia.org/ontology/birthPlace,http://dbpedia.org/resource/London,1,0.007,0.0,779.453742,0.043265,5.6e-05,0.056491,0.3456976123963208
"http://dbpedia.org/resource/Christina,_Queen_of_Sweden",http://dbpedia.org/ontology/birthPlace,http://dbpedia.org/resource/Stockholm,1,0.00025,0.0,32.004599,0.041565,0.000781,0.065548,0.3911473137355569
http://dbpedia.org/resource/Aaliyah,http://dbpedia.org/ontology/birthPlace,http://dbpedia.org/resource/Brooklyn,1,0.169,0.00032,2194.942356,0.063984,0.000149,0.074237,0.3149909213874579
"http://dbpedia.org/resource/Diana,_Princess_of_Wales",http://dbpedia.org/ontology/birthPlace,"http://dbpedia.org/resource/Sandringham,_Norfolk",1,0.00175,0.0,451.639573,0.066229,0.000883,0.14522,0.39524132776491017
http://dbpedia.org/resource/Joseph_Conrad,http://dbpedia.org/ontology/deathPlace,http://dbpedia.org/resource/Bishopsbourne,1,0.011375,0.025,4530.157762,0.040681,0.001221,0.090724,0.2232118331190338
http://dbpedia.org/resource/Amerigo_Vespucci,http://dbpedia.org/ontology/deathPlace,http://dbpedia.org/resource/Seville,1,0.108,0.0,4936.979039,0.052491,0.000117,0.071108,0.13854036863675445
http://dbpedia.org/resource/John_Stuart_Mill,http://dbpedia.org/ontology/birthPlace,http://dbpedia.org/resource/London_Borough_of_Islington,1,0.00475,0.006623,257.403716,0.032715,0.000112,0.06469,0.41638674630691197
http://dbpedia.org/resource/Henry_I_of_England,http://dbpedia.org/ontology/birthPlace,http://dbpedia.org/resource/Selby,1,0.00025,0.0,14.894967,0.027168,0.000194,0.060528,0.3973515040171388
http://dbpedia.org/resource/Benoit_Mandelbrot,http://dbpedia.org/ontology/deathPlace,"http://dbpedia.org/resource/Cambridge,_Massachusetts",1,0.001375,0.0,286.631809,0.058328,4.9e-05,0.081741,0.21855718716943628
"http://dbpedia.org/resource/Francis_II,_Holy_Roman_Emperor",http://dbpedia.org/ontology/deathPlace,http://dbpedia.org/resource/Vienna,1,0.01,0.000513,577.917543,0.084214,0.000205,0.088178,0.14839208054995423
http://dbpedia.org/resource/Amerigo_Vespucci,http://dbpedia.org/ontology/birthPlace,http://dbpedia.org/resource/Florence,1,0.246125,0.001671,9983.620543,0.066133,0.00028,0.077512,0.3149909213874579
http://dbpedia.org/resource/Bernardo_O'Higgins,http://dbpedia.org/ontology/deathPlace,http://dbpedia.org/resource/Lima,1,0.006875,0.001187,423.900918,0.115991,0.000641,0.097944,0.16184013933232466
http://dbpedia.org/resource/Abbas_II_of_Egypt,http://dbpedia.org/ontology/deathPlace,http://dbpedia.org/resource/Geneva,1,0.00025,0.0,27.565085,0.033972,1e-05,0.066428,0.1635629453939874
http://dbpedia.org/resource/Catherine_of_Aragon,http://dbpedia.org/ontology/birthPlace,http://dbpedia.org/resource/Alcalá_de_Henares,1,0.0,0.0,-15.927615,0.021212,4.6e-05,0.056907,0.5815088170924958
http://dbpedia.org/resource/John_Stuart_Mill,http://dbpedia.org/ontology/deathPlace,http://dbpedia.org/resource/Avignon,1,0.044875,0.003597,5007.339765,0.0878,0.00013,0.115193,0.14839208054995423
http://dbpedia.org/resource/Douglas_Adams,http://dbpedia.org/ontology/birthPlace,http://dbpedia.org/resource/Cambridge,1,0.216,0.000833,3972.383688,0.046231,9.4e-05,0.066796,0.3456976123963208
http://dbpedia.org/resource/John_Peel,http://dbpedia.org/ontology/deathPlace,http://dbpedia.org/resource/Cusco,1,0.016,0.0,3248.942372,0.019028,0.000145,0.047316,0.1416701301460459
http://dbpedia.org/resource/Joris_Ivens,http://dbpedia.org/ontology/deathPlace,http://dbpedia.org/resource/Paris,1,1.72075,9.9e-05,7181.379535,0.070291,0.000134,0.064844,0.1206116315124176
http://dbpedia.org/resource/John_Peel,http://dbpedia.org/ontology/birthPlace,http://dbpedia.org/resource/Heswall,1,0.00475,0.0,1041.634436,0.028548,0.000224,0.062058,0.41638674630691197
http://dbpedia.org/resource/Alfonso_IV_of_Aragon,http://dbpedia.org/ontology/deathPlace,http://dbpedia.org/resource/Barcelona,1,0.0005,0.0,215.889082,0.041687,4.3e-05,0.073842,0.1635629453939874
http://dbpedia.org/resource/Ernst_Mayr,http://dbpedia.org/ontology/deathPlace,"http://dbpedia.org/resource/Bedford,_Massachusetts",1,0.009125,0.0,1836.033052,0.027198,7.2e-05,0.05878,0.1416701301460459
http://dbpedia.org/resource/Cornelius_Johnson_(artist),http://dbpedia.org/ontology/birthPlace,http://dbpedia.org/resource/London,1,0.9155,4.4e-05,2628.549421,0.038074,7.1e-05,0.055644,0.3456976123963208
http://dbpedia.org/resource/Fay_Wray,http://dbpedia.org/ontology/birthPlace,http://dbpedia.org/resource/Alberta,1,0.0,0.0,-6.083438,0.029597,1e-05,0.055191,0.5751735360123639
http://dbpedia.org/resource/Austen_Henry_Layard,http://dbpedia.org/ontology/birthPlace,http://dbpedia.org/resource/Paris,1,0.009625,9.9e-05,1172.874349,0.045956,4.9e-05,0.067115,0.3456976123963208
http://dbpedia.org/resource/Frédéric_Bastiat,http://dbpedia.org/ontology/birthPlace,http://dbpedia.org/resource/Bayonne,1,0.04,0.005952,4868.40778,0.035429,0.000361,0.058635,0.3456976123963208
http://dbpedia.org/resource/André_Weil,http://dbpedia.org/ontology/birthPlace,http://dbpedia.org/resource/Paris,1,1.78925,0.000396,21636.490938,0.057683,0.000335,0.073082,0.3149909213874579
http://dbpedia.org/resource/Joseph_Conrad,http://dbpedia.org/ontology/birthPlace,http://dbpedia.org/resource/Berdychiv,1,0.014375,0.0,5309.848388,0.033604,8.1e-05,0.068194,0.3456976123963208
http://dbpedia.org/resource/George_Frideric_Handel,http://dbpedia.org/ontology/birthPlace,http://dbpedia.org/resource/Halle_(Saale),1,0.044375,0.011765,4387.059045,0.154003,0.000935,0.131939,0.17670344491592427
http://dbpedia.org/resource/Ivan_Bunin,http://dbpedia.org/ontology/birthPlace,http://dbpedia.org/resource/Voronezh,1,0.04,0.0,5141.861749,0.040791,0.000646,0.063469,0.3456976123963208
http://dbpedia.org/resource/Jean-Jacques_Rousseau,http://dbpedia.org/ontology/birthPlace,http://dbpedia.org/resource/Geneva,1,0.201875,0.000871,6806.472157,0.0883,5.6e-05,0.075742,0.20760960236248593
http://dbpedia.org/resource/Carlo_Goldoni,http://dbpedia.org/ontology/birthPlace,http://dbpedia.org/resource/Venice,1,0.193125,0.003601,8051.248613,0.106536,0.001617,0.113503,0.25050497387723203
http://dbpedia.org/resource/Joe_Strummer,http://dbpedia.org/ontology/birthPlace,http://dbpedia.org/resource/Ankara,1,0.180375,0.0,3700.90718,0.031353,2.1e-05,0.054325,0.3456976123963208
http://dbpedia.org/resource/Carlo_Goldoni,http://dbpedia.org/ontology/deathPlace,http://dbpedia.org/resource/Paris,1,1.709375,9.9e-05,3298.956521,0.052571,0.000104,0.06188,0.13854036863675445
http://dbpedia.org/resource/Ambrose,http://dbpedia.org/ontology/birthPlace,http://dbpedia.org/resource/Trier,1,0.022,0.0,4332.14243,0.040201,9.8e-05,0.079358,0.3456976123963208
http://dbpedia.org/resource/Alfonso_IV_of_Aragon,http://dbpedia.org/ontology/birthPlace,http://dbpedia.org/resource/Naples,1,0.0,0.0,-10.431265,0.040691,0.000247,0.065329,0.5751735360123639
http://dbpedia.org/resource/André_Weil,http://dbpedia.org/ontology/deathPlace,"http://dbpedia.org/resource/Princeton,_New_Jersey",1,0.08075,0.0,5512.955874,0.053076,7.5e-05,0.071583,0.13854036863675445
http://dbpedia.org/resource/Emma_Goldman,http://dbpedia.org/ontology/deathPlace,http://dbpedia.org/resource/Kaunas,0,0.079875,0.00431,5237.361897,0.177504,0.000192,0.141474,0.13445001036940174
http://dbpedia.org/resource/John_A._Roebling,http://dbpedia.org/ontology/deathPlace,http://dbpedia.org/resource/Mühlhausen,0,0.006,0.0,1331.087317,0.239683,0.000139,0.220928,0.17338972581880097
http://dbpedia.org/resource/James_Clavell,http://dbpedia.org/ontology/deathPlace,http://dbpedia.org/resource/Sydney,0,0.000125,0.0,8.418581,0.045928,1.1e-05,0.056547,0.1635629453939874
http://dbpedia.org/resource/Ambrose,http://dbpedia.org/ontology/birthPlace,http://dbpedia.org/resource/Milan,0,0.4565,0.000354,4610.017273,0.18937,0.001608,0.111881,0.17986479273701694
http://dbpedia.org/resource/Frank_Capra,http://dbpedia.org/ontology/deathPlace,http://dbpedia.org/resource/Bisacquino,0,0.0,0.0,-15.769936,0.033502,1.5e-05,0.062421,0.2901947703286607
http://dbpedia.org/resource/Alexander_Kerensky,http://dbpedia.org/ontology/deathPlace,http://dbpedia.org/resource/Ulyanovsk,0,0.025375,0.008264,4058.587262,0.251584,0.00026,0.182195,0.13445001036940174
http://dbpedia.org/resource/Arthur_de_Gobineau,http://dbpedia.org/ontology/deathPlace,http://dbpedia.org/resource/Ville-d'Avray,0,0.004875,0.0,880.87786,0.275296,0.000985,0.250267,0.17338972581880097
http://dbpedia.org/resource/Eugene_Wigner,http://dbpedia.org/ontology/deathPlace,http://dbpedia.org/resource/Budapest,0,0.82925,0.001206,4107.356831,0.168194,0.000556,0.107218,0.13445001036940174
http://dbpedia.org/resource/George_Frideric_Handel,http://dbpedia.org/ontology/deathPlace,http://dbpedia.org/resource/Halle_(Saale),0,0.044375,0.011765,4387.059045,0.255925,0.001299,0.154306,0.13195845137789508
http://dbpedia.org/resource/Douglas_Adams,http://dbpedia.org/ontology/birthPlace,"http://dbpedia.org/resource/Santa_Barbara,_California",0,0.0035,0.0,453.318062,0.052067,2.8e-05,0.075996,0.41638674630691197
http://dbpedia.org/resource/Catherine_of_Aragon,http://dbpedia.org/ontology/birthPlace,http://dbpedia.org/resource/Huntingdonshire,0,0.0,0.0,-14.609771,0.034712,6.3e-05,0.062229,0.5751735360123639
http://dbpedia.org/resource/Alfonso_IV_of_Aragon,http://dbpedia.org/ontology/birthPlace,http://dbpedia.org/resource/Barcelona,0,0.0005,0.0,215.889082,0.038938,5.9e-05,0.073842,0.3911473137355569
http://dbpedia.org/resource/Douglas_Adams,http://dbpedia.org/ontology/deathPlace,http://dbpedia.org/resource/Cambridge,0,0.216,0.000833,3972.383688,0.147369,6.3e-05,0.124249,0.13445001036940174
http://dbpedia.org/resource/Joseph_Conrad,http://dbpedia.org/ontology/birthPlace,http://dbpedia.org/resource/Bishopsbourne,0,0.011375,0.025,4530.157762,0.336809,0.001107,0.339454,0.2754305326597071
http://dbpedia.org/resource/Alfonso_IV_of_Aragon,http://dbpedia.org/ontology/deathPlace,http://dbpedia.org/resource/Naples,0,0.0,0.0,-10.431265,0.037345,0.000211,0.065329,0.2901947703286607
http://dbpedia.org/resource/Arthur_de_Gobineau,http://dbpedia.org/ontology/birthPlace,http://dbpedia.org/resource/Turin,0,0.247875,0.001561,4256.723654,0.139635,0.000157,0.122748,0.17986479273701694
"http://dbpedia.org/resource/Albert_VII,_Archduke_of_Austria",http://dbpedia.org/ontology/deathPlace,http://dbpedia.org/resource/Wiener_Neustadt,0,0.0,0.0,-14.538223,0.044525,3.4e-05,0.06119,0.2901947703286607
http://dbpedia.org/resource/Joseph_Conrad,http://dbpedia.org/ontology/deathPlace,http://dbpedia.org/resource/Berdychiv,0,0.014375,0.0,5309.848388,0.215909,7e-05,0.208045,0.13445001036940174
http://dbpedia.org/resource/Catherine_of_Aragon,http://dbpedia.org/ontology/deathPlace,http://dbpedia.org/resource/Alcalá_de_Henares,0,0.0,0.0,-15.927615,0.022629,4.2e-05,0.056907,0.2955750517247062
http://dbpedia.org/resource/Joris_Ivens,http://dbpedia.org/ontology/deathPlace,http://dbpedia.org/resource/Nijmegen,0,0.0755,0.003906,48075.214562,0.165816,0.000186,0.155117,0.13445001036940174
http://dbpedia.org/resource/Gregory_Bateson,http://dbpedia.org/ontology/deathPlace,http://dbpedia.org/resource/Grantchester,0,0.011125,0.0,2914.342512,0.282076,0.000198,0.280509,0.13445001036940174
http://dbpedia.org/resource/James_Wilkinson,http://dbpedia.org/ontology/birthPlace,http://dbpedia.org/resource/Mexico_City,0,1.416125,0.000673,3684.491273,0.231094,0.000117,0.106414,0.17986479273701694
http://dbpedia.org/resource/Ivan_Bunin,http://dbpedia.org/ontology/deathPlace,http://dbpedia.org/resource/Voronezh,0,0.04,0.0,5141.861749,0.17247,0.000674,0.156629,0.13445001036940174
http://dbpedia.org/resource/J._R._R._Tolkien,http://dbpedia.org/ontology/deathPlace,http://dbpedia.org/resource/Bloemfontein,0,0.073375,0.002342,8441.21223,0.174248,5.4e-05,0.14985,0.13445001036940174
http://dbpedia.org/resource/Gregory_Bateson,http://dbpedia.org/ontology/birthPlace,http://dbpedia.org/resource/San_Francisco,0,0.005375,0.000185,449.433678,0.072029,9.2e-05,0.073474,0.30205979411380846
http://dbpedia.org/resource/Jean-Jacques_Rousseau,http://dbpedia.org/ontology/birthPlace,http://dbpedia.org/resource/Ermenonville,0,0.02525,0.0,7177.457578,0.447949,0.000703,0.476505,0.17986479273701694
http://dbpedia.org/resource/Alfred_Hitchcock,http://dbpedia.org/ontology/birthPlace,"http://dbpedia.org/resource/Bel_Air,_Los_Angeles",0,0.039625,0.015748,7095.931011,0.253382,0.000162,0.215629,0.17670344491592427
http://dbpedia.org/resource/F._F._E._Yeo-Thomas,http://dbpedia.org/ontology/deathPlace,http://dbpedia.org/resource/London,0,0.007,0.0,779.453742,0.041803,3.6e-05,0.056491,0.13854036863675445
http://dbpedia.org/resource/Ernst_Mayr,http://dbpedia.org/ontology/deathPlace,http://dbpedia.org/resource/Kempten,0,0.008375,0.0,1568.478536,0.212503,9.7e-05,0.210031,0.13445001036940174
http://dbpedia.org/resource/Frank_Capra,http://dbpedia.org/ontology/birthPlace,"http://dbpedia.org/resource/La_Quinta,_California",0,0.00025,0.0,26.398006,0.043974,8.2e-05,0.065209,0.3911473137355569
http://dbpedia.org/resource/Ivan_Bunin,http://dbpedia.org/ontology/birthPlace,http://dbpedia.org/resource/Paris,0,2.66625,0.000198,3322.896622,0.127152,0.000397,0.09787,0.15546424324387886
http://dbpedia.org/resource/Carlo_Goldoni,http://dbpedia.org/ontology/deathPlace,http://dbpedia.org/resource/Venice,0,0.193125,0.003601,8051.248613,0.207211,0.001458,0.129672,0.13445001036940174
http://dbpedia.org/resource/Anton_Chekhov,http://dbpedia.org/ontology/birthPlace,http://dbpedia.org/resource/Badenweiler,0,0.01875,0.0,3316.483914,0.311087,0.000143,0.302793,0.17986479273701694
http://dbpedia.org/resource/Austen_Henry_Layard,http://dbpedia.org/ontology/deathPlace,http://dbpedia.org/resource/Paris,0,0.009625,9.9e-05,1172.874349,0.046361,6.1e-05,0.067115,0.13854036863675445
http://dbpedia.org/resource/John_A._Macdonald,http://dbpedia.org/ontology/birthPlace,http://dbpedia.org/resource/Ottawa,0,0.842,0.001453,4381.721602,0.200699,0.000433,0.112394,0.17986479273701694
http://dbpedia.org/resource/Joe_Strummer,http://dbpedia.org/ontology/deathPlace,http://dbpedia.org/resource/Ankara,0,0.180375,0.0,3700.90718,0.142522,2.6e-05,0.125081,0.13445001036940174
"http://dbpedia.org/resource/Albert_VII,_Archduke_of_Austria",http://dbpedia.org/ontology/birthPlace,http://dbpedia.org/resource/Brussels,0,0.00025,0.0,34.054267,0.068605,0.000135,0.088676,0.2804205473792899
http://dbpedia.org/resource/Anton_Chekhov,http://dbpedia.org/ontology/deathPlace,http://dbpedia.org/resource/Taganrog,0,0.05775,0.009494,4067.554178,0.312946,0.000977,0.160763,0.13195845137789508
http://dbpedia.org/resource/Benoit_Mandelbrot,http://dbpedia.org/ontology/deathPlace,http://dbpedia.org/resource/Warsaw,0,0.000875,0.0,245.737563,0.04571,4.4e-05,0.076464,0.18604581447190793
http://dbpedia.org/resource/George_Frideric_Handel,http://dbpedia.org/ontology/birthPlace,http://dbpedia.org/resource/London,0,4.32875,8.8e-05,2451.406212,0.132589,0.000138,0.090621,0.15546424324387886
http://dbpedia.org/resource/Adelaide_of_Italy,http://dbpedia.org/ontology/deathPlace,http://dbpedia.org/resource/Orbe,0,0.004625,0.0,872.429811,0.235254,0.00055,0.244436,0.17338972581880097
http://dbpedia.org/resource/James_Wilkinson,http://dbpedia.org/ontology/deathPlace,"http://dbpedia.org/resource/Benedict,_Maryland",0,0.002875,0.032258,65.662996,0.056688,0.001676,0.144532,0.5376746211659001
http://dbpedia.org/resource/Aaliyah,http://dbpedia.org/ontology/deathPlace,http://dbpedia.org/resource/Brooklyn,0,0.169,0.00032,2194.942356,0.057909,0.000128,0.074237,0.1644271965306633
http://dbpedia.org/resource/Hawley_Harvey_Crippen,http://dbpedia.org/ontology/birthPlace,http://dbpedia.org/resource/London,0,4.3265,8.8e-05,2658.249021,0.135466,0.000397,0.090621,0.17986479273701694
http://dbpedia.org/resource/Abbas_II_of_Egypt,http://dbpedia.org/ontology/birthPlace,http://dbpedia.org/resource/Geneva,0,0.00025,0.0,27.565085,0.031814,9e-06,0.066428,0.3911473137355569
http://dbpedia.org/resource/Joris_Ivens,http://dbpedia.org/ontology/birthPlace,http://dbpedia.org/resource/Paris,0,1.72075,9.9e-05,7181.379535,0.1422,0.000132,0.09787,0.17986479273701694
http://dbpedia.org/resource/John_A._Roebling,http://dbpedia.org/ontology/birthPlace,http://dbpedia.org/resource/New_York_City,0,3.539625,8.3e-05,2522.56036,0.126311,0.000402,0.090201,0.15546424324387886
http://dbpedia.org/resource/John_Stuart_Mill,http://dbpedia.org/ontology/deathPlace,http://dbpedia.org/resource/London_Borough_of_Islington,0,0.00475,0.006623,257.403716,0.031423,0.000132,0.06469,0.1784205426975114
http://dbpedia.org/resource/Jean-Jacques_Rousseau,http://dbpedia.org/ontology/deathPlace,http://dbpedia.org/resource/Geneva,0,0.201875,0.000871,6806.472157,0.166039,6.7e-05,0.126189,0.13445001036940174
http://dbpedia.org/resource/Cornelius_Johnson_(artist),http://dbpedia.org/ontology/deathPlace,http://dbpedia.org/resource/London,0,0.9155,4.4e-05,2628.549421,0.03342,0.000118,0.055644,0.13854036863675445
"http://dbpedia.org/resource/Francis_II,_Holy_Roman_Emperor",http://dbpedia.org/ontology/birthPlace,http://dbpedia.org/resource/Vienna,0,0.01,0.000513,577.917543,0.076222,0.000136,0.088178,0.242708044823293
http://dbpedia.org/resource/Fay_Wray,http://dbpedia.org/ontology/deathPlace,http://dbpedia.org/resource/Alberta,0,0.0,0.0,-6.083438,0.034875,1.1e-05,0.055191,0.2901947703286607
http://dbpedia.org/resource/Eduard_von_Böhm-Ermolli,http://dbpedia.org/ontology/birthPlace,http://dbpedia.org/resource/Opava,0,0.0,0.0,-14.400721,0.034124,4.4e-05,0.060184,0.5751735360123639
http://dbpedia.org/resource/Abd_al-Rahman_I,http://dbpedia.org/ontology/birthPlace,"http://dbpedia.org/resource/Córdoba,_Spain",0,0.0,0.0,-13.685083,0.042981,6.3e-05,0.072711,0.5751735360123639
http://dbpedia.org/resource/Fay_Wray,http://dbpedia.org/ontology/birthPlace,http://dbpedia.org/resource/New_York_City,0,0.009875,4.2e-05,1091.203013,0.080171,4.7e-05,0.06804,0.20760960236248593
http://dbpedia.org/resource/John_von_Neumann,http://dbpedia.org/ontology/birthPlace,"http://dbpedia.org/resource/Washington,_D.C.",0,1.7905,0.000242,1738.451826,0.150672,4.6e-05,0.099963,0.17986479273701694
http://dbpedia.org/resource/Amerigo_Vespucci,http://dbpedia.org/ontology/birthPlace,http://dbpedia.org/resource/Seville,0,0.108,0.0,4936.979039,0.161779,0.000147,0.132994,0.17986479273701694
http://dbpedia.org/resource/Henry_Moseley,http://dbpedia.org/ontology/birthPlace,http://dbpedia.org/resource/Gelibolu,0,0.000875,0.0,151.553694,0.035067,7.6e-05,0.075922,0.4288732235390724
http://dbpedia.org/resource/F._F._E._Yeo-Thomas,http://dbpedia.org/ontology/birthPlace,http://dbpedia.org/resource/Paris,0,0.02775,0.0,3289.969428,0.03561,5.2e-05,0.059226,0.3456976123963208
http://dbpedia.org/resource/Henry_Moseley,http://dbpedia.org/ontology/deathPlace,"http://dbpedia.org/resource/Weymouth,_Dorset",0,0.02925,0.008264,4694.308851,0.200856,0.000213,0.176279,0.13445001036940174
http://dbpedia.org/resource/Abd_al-Rahman_I,http://dbpedia.org/ontology/deathPlace,http://dbpedia.org/resource/Damascus,0,0.0,0.0,-12.01276,0.053687,3.4e-05,0.070612,0.3071905554035308
http://dbpedia.org/resource/C._S._Forester,http://dbpedia.org/ontology/deathPlace,http://dbpedia.org/resource/Cairo,0,0.317625,0.001075,4181.19376,0.143875,0.000197,0.117458,0.13445001036940174
http://dbpedia.org/resource/Hawley_Harvey_Crippen,http://dbpedia.org/ontology/deathPlace,"http://dbpedia.org/resource/Coldwater,_Michigan",0,0.010625,0.0,2570.689749,0.187611,0.000137,0.192691,0.13445001036940174
http://dbpedia.org/resource/John_Peel,http://dbpedia.org/ontology/birthPlace,http://dbpedia.org/resource/Cusco,0,0.016,0.0,3248.942372,0.176005,0.000131,0.178091,0.17986479273701694
"http://dbpedia.org/resource/Christina,_Queen_of_Sweden",http://dbpedia.org/ontology/birthPlace,http://dbpedia.org/resource/Rome,0,0.0,0.0,-9.193523,0.036437,1.9e-05,0.051436,0.5751735360123639
http://dbpedia.org/resource/John_Peel,http://dbpedia.org/ontology/deathPlace,http://dbpedia.org/resource/Heswall,0,0.00475,0.0,1041.634436,0.243921,0.000229,0.250267,0.17338972581880097
http://dbpedia.org/resource/André_Weil,http://dbpedia.org/ontology/birthPlace,"http://dbpedia.org/resource/Princeton,_New_Jersey",0,0.08075,0.0,5512.955874,0.162808,8.3e-05,0.137641,0.17986479273701694
http://dbpedia.org/resource/John_von_Neumann,http://dbpedia.org/ontology/deathPlace,http://dbpedia.org/resource/Budapest,0,0.93,0.001872,4162.407144,0.188082,0.000134,0.107218,0.13445001036940174
http://dbpedia.org/resource/Eugene_Wigner,http://dbpedia.org/ontology/birthPlace,"http://dbpedia.org/resource/Princeton,_New_Jersey",0,0.07525,0.0,4175.967395,0.18221,0.000143,0.137641,0.17986479273701694
http://dbpedia.org/resource/Emma_Goldman,http://dbpedia.org/ontology/birthPlace,http://dbpedia.org/resource/Toronto,0,1.332375,0.000113,7992.352738,0.116027,5.9e-05,0.099205,0.21421703951071902
http://dbpedia.org/resource/Augustus_II_the_Strong,http://dbpedia.org/ontology/deathPlace,http://dbpedia.org/resource/Dresden,0,0.000875,0.0,294.820211,0.096133,7.9e-05,0.093266,0.19849728302591707
http://dbpedia.org/resource/Frédéric_Bastiat,http://dbpedia.org/ontology/birthPlace,http://dbpedia.org/resource/Rome,0,1.2525,0.000316,9741.325251,0.127503,0.000111,0.102577,0.15546424324387886
"http://dbpedia.org/resource/Francis_II,_Holy_Roman_Emperor",http://dbpedia.org/ontology/deathPlace,http://dbpedia.org/resource/Florence,0,0.000375,0.0,75.799053,0.051986,3.6e-05,0.074633,0.1635629453939874
http://dbpedia.org/resource/Eduard_von_Böhm-Ermolli,http://dbpedia.org/ontology/deathPlace,http://dbpedia.org/resource/Ancona,0,0.000375,0.0,31.811331,0.029753,2.8e-05,0.060211,0.1635629453939874
http://dbpedia.org/resource/Austen_Henry_Layard,http://dbpedia.org/ontology/birthPlace,http://dbpedia.org/resource/London,0,0.06475,0.000131,4371.901115,0.075522,0.000378,0.074976,0.242708044823293
http://dbpedia.org/resource/Joe_Strummer,http://dbpedia.org/ontology/birthPlace,"http://dbpedia.org/resource/Broomfield,_Somerset",0,0.0165,0.0,11619.950091,0.276488,0.000204,0.286952,0.17986479273701694
"http://dbpedia.org/resource/Christina,_Queen_of_Sweden",http://dbpedia.org/ontology/deathPlace,http://dbpedia.org/resource/Stockholm,0,0.00025,0.0,32.004599,0.040881,0.000961,0.065548,0.1635629453939874
http://dbpedia.org/resource/Irenaeus,http://dbpedia.org/ontology/birthPlace,http://dbpedia.org/resource/Lyon,0,0.090875,0.001873,4319.640951,0.09112,0.000957,0.102502,0.20760960236248593
http://dbpedia.org/resource/Cornelius_Johnson_(artist),http://dbpedia.org/ontology/birthPlace,http://dbpedia.org/resource/Utrecht,0,0.153,0.001623,4202.850869,0.154668,0.000337,0.13483,0.17986479273701694
http://dbpedia.org/resource/Alfred_Hitchcock,http://dbpedia.org/ontology/deathPlace,http://dbpedia.org/resource/London,0,0.062125,0.000131,3006.419576,0.098321,0.000118,0.077036,0.14839208054995423
http://dbpedia.org/resource/Adelaide_of_Italy,http://dbpedia.org/ontology/birthPlace,http://dbpedia.org/resource/Alsace,0,0.0265,0.0,4652.011751,0.201923,0.000201,0.162668,0.17986479273701694
http://dbpedia.org/resource/Frédéric_Bastiat,http://dbpedia.org/ontology/deathPlace,http://dbpedia.org/resource/Bayonne,0,0.04,0.005952,4868.40778,0.181799,0.000398,0.166372,0.13445001036940174
http://dbpedia.org/resource/John_Stuart_Mill,http://dbpedia.org/ontology/birthPlace,http://dbpedia.org/resource/Avignon,0,0.044875,0.003597,5007.339765,0.220527,0.000228,0.159154,0.17986479273701694
http://dbpedia.org/resource/Carlo_Goldoni,http://dbpedia.org/ontology/birthPlace,http://dbpedia.org/resource/Paris,0,1.709375,9.9e-05,3298.956521,0.126575,9.7e-05,0.09787,0.15546424324387886
http://dbpedia.org/resource/Benoit_Mandelbrot,http://dbpedia.org/ontology/birthPlace,"http://dbpedia.org/resource/Cambridge,_Massachusetts",0,0.001375,0.0,286.631809,0.05269,5.9e-05,0.081741,0.4288732235390724
http://dbpedia.org/resource/Aaliyah,http://dbpedia.org/ontology/birthPlace,http://dbpedia.org/resource/Marsh_Harbour,0,0.019,0.032258,7915.943901,0.36699,0.001291,0.312771,0.5584239993678664
http://dbpedia.org/resource/Henry_I_of_England,http://dbpedia.org/ontology/birthPlace,http://dbpedia.org/resource/Lyons-la-Forêt,0,0.0,0.0,-18.354889,0.036512,0.000755,0.08401,0.5751735360123639
http://dbpedia.org/resource/James_Clavell,http://dbpedia.org/ontology/birthPlace,http://dbpedia.org/resource/Vevey,0,0.019125,0.0,8409.247979,0.209789,0.000134,0.187591,0.17986479273701694
http://dbpedia.org/resource/Irenaeus,http://dbpedia.org/ontology/deathPlace,http://dbpedia.org/resource/İzmir,0,0.05025,0.001799,3550.124245,0.052463,0.000165,0.077524,0.13854036863675445
http://dbpedia.org/resource/Ernst_Mayr,http://dbpedia.org/ontology/birthPlace,"http://dbpedia.org/resource/Bedford,_Massachusetts",0,0.009125,0.0,1836.033052,0.208455,0.000101,0.204423,0.17986479273701694
http://dbpedia.org/resource/J._R._R._Tolkien,http://dbpedia.org/ontology/birthPlace,http://dbpedia.org/resource/Bournemouth,0,0.098875,0.005199,7205.996637,0.222119,7.6e-05,0.140973,0.17986479273701694
http://dbpedia.org/resource/Henry_I_of_England,http://dbpedia.org/ontology/deathPlace,http://dbpedia.org/resource/Selby,0,0.00025,0.0,14.894967,0.027368,0.000134,0.060528,0.1671483095649937
http://dbpedia.org/resource/Bernardo_O'Higgins,http://dbpedia.org/ontology/deathPlace,http://dbpedia.org/resource/Chillán,0,0.003875,0.015873,252.852652,0.129044,0.00139,0.152603,0.14698095668395872
"http://dbpedia.org/resource/Diana,_Princess_of_Wales",http://dbpedia.org/ontology/birthPlace,http://dbpedia.org/resource/Paris,0,0.002625,9.9e-05,27.665736,0.046397,8.7e-05,0.076623,0.41638674630691197
http://dbpedia.org/resource/Amerigo_Vespucci,http://dbpedia.org/ontology/deathPlace,http://dbpedia.org/resource/Florence,0,0.246125,0.001671,9983.620543,0.163978,0.000287,0.123749,0.13445001036940174
http://dbpedia.org/resource/C._S._Forester,http://dbpedia.org/ontology/birthPlace,"http://dbpedia.org/resource/Fullerton,_California",0,0.028875,0.0,4267.627345,0.166653,9.7e-05,0.159676,0.17986479273701694
http://dbpedia.org/resource/Bernardo_O'Higgins,http://dbpedia.org/ontology/birthPlace,http://dbpedia.org/resource/Lima,0,0.006875,0.001187,423.900918,0.106161,0.000624,0.097944,0.25050497387723203
http://dbpedia.org/resource/John_A._Macdonald,http://dbpedia.org/ontology/deathPlace,http://dbpedia.org/resource/Glasgow,0,0.837,0.000433,3846.392276,0.13761,6.4e-05,0.106115,0.13445001036940174
http://dbpedia.org/resource/Augustus_II_the_Strong,http://dbpedia.org/ontology/birthPlace,http://dbpedia.org/resource/Warsaw,0,0.0015,0.0,252.210959,0.076135,0.000178,0.072804,0.3129563132431893
http://dbpedia.org/resource/André_Weil,http://dbpedia.org/ontology/deathPlace,http://dbpedia.org/resource/Paris,0,1.78925,0.000396,21636.490938,0.133767,0.000268,0.09787,0.13445001036940174
http://dbpedia.org/resource/Abbas_II_of_Egypt,http://dbpedia.org/ontology/deathPlace,http://dbpedia.org/resource/Alexandria,0,0.002625,0.0,421.423598,0.049049,0.000167,0.078208,0.1784205426975114
http://dbpedia.org/resource/Alexander_Kerensky,http://dbpedia.org/ontology/birthPlace,http://dbpedia.org/resource/New_York_City,0,4.6455,8.3e-05,2419.615756,0.134222,4.6e-05,0.090201,0.17986479273701694
"http://dbpedia.org/resource/Diana,_Princess_of_Wales",http://dbpedia.org/ontology/deathPlace,"http://dbpedia.org/resource/Sandringham,_Norfolk",0,0.00175,0.0,451.639573,0.064295,0.000894,0.14522,0.21855718716943628
