subject,predicate,object,truth,adamic_adar,predpath,katz,degree_product,ks,pra,jaccard,simrank,ensemble_score
http://dbpedia.org/resource/Gregory_Bateson,http://dbpedia.org/ontology/birthPlace,http://dbpedia.org/resource/Grantchester,1,0.0,1.0,0.011125,650.0,0.034462,1.0,0.0,0.000169,1.0
http://dbpedia.org/resource/C._S._Forester,http://dbpedia.org/ontology/birthPlace,http://dbpedia.org/resource/Cairo,1,0.348404,1.0,0.317625,54990.0,0.045356,1.0,0.001075,0.000114,1.0
http://dbpedia.org/resource/Emma_Goldman,http://dbpedia.org/ontology/deathPlace,http://dbpedia.org/resource/Toronto,1,0.110131,1.0,1.332375,298486.0,0.04189,1.0,0.000113,3.6e-05,1.0
http://dbpedia.org/resource/Abd_al-Rahman_I,http://dbpedia.org/ontology/birthPlace,http://dbpedia.org/resource/Damascus,1,0.0,1.0,0.0,5355.0,0.050632,0.0,0.0,3.1e-05,0.92
http://dbpedia.org/resource/Augustus_II_the_Strong,http://dbpedia.org/ontology/deathPlace,http://dbpedia.org/resource/Warsaw,1,0.0,0.0,0.0015,67914.0,0.077942,1.0,0.0,0.00017,1.0
http://dbpedia.org/resource/Augustus_II_the_Strong,http://dbpedia.org/ontology/birthPlace,http://dbpedia.org/resource/Dresden,1,0.0,1.0,0.000875,15290.0,0.089231,0.0,0.0,8.5e-05,0.96
http://dbpedia.org/resource/Hawley_Harvey_Crippen,http://dbpedia.org/ontology/deathPlace,http://dbpedia.org/resource/London,1,0.196315,1.0,4.3265,136866.0,0.068394,1.0,8.8e-05,0.000377,1.0
http://dbpedia.org/resource/J._R._R._Tolkien,http://dbpedia.org/ontology/deathPlace,http://dbpedia.org/resource/Bournemouth,1,0.849342,1.0,0.098875,60691.0,0.112085,1.0,0.005199,0.000139,0.97
http://dbpedia.org/resource/Abbas_II_of_Egypt,http://dbpedia.org/ontology/birthPlace,http://dbpedia.org/resource/Alexandria,1,0.0,1.0,0.002625,5688.0,0.047468,0.0,0.0,0.000271,0.94
http://dbpedia.org/resource/John_von_Neumann,http://dbpedia.org/ontology/birthPlace,http://dbpedia.org/resource/Budapest,1,1.890915,1.0,0.93,611684.0,0.098703,1.0,0.001872,0.000119,0.96
http://dbpedia.org/resource/Joris_Ivens,http://dbpedia.org/ontology/birthPlace,http://dbpedia.org/resource/Nijmegen,1,0.105761,1.0,0.0755,5800.0,0.034252,1.0,0.003906,0.000184,1.0
http://dbpedia.org/resource/Benoit_Mandelbrot,http://dbpedia.org/ontology/birthPlace,http://dbpedia.org/resource/Warsaw,1,0.0,1.0,0.000875,37044.0,0.04308,0.0,0.0,7e-05,0.94
http://dbpedia.org/resource/J._R._R._Tolkien,http://dbpedia.org/ontology/birthPlace,http://dbpedia.org/resource/Bloemfontein,1,0.222232,1.0,0.073375,39867.0,0.049128,1.0,0.002342,4.6e-05,1.0
http://dbpedia.org/resource/Anton_Chekhov,http://dbpedia.org/ontology/birthPlace,http://dbpedia.org/resource/Taganrog,1,1.590353,1.0,0.05775,24790.0,0.195843,1.0,0.009494,0.001073,0.96
http://dbpedia.org/resource/Aaliyah,http://dbpedia.org/ontology/deathPlace,http://dbpedia.org/resource/Marsh_Harbour,1,0.5092,1.0,0.019,495.0,0.095992,1.0,0.032258,0.001485,1.0
http://dbpedia.org/resource/Ivan_Bunin,http://dbpedia.org/ontology/deathPlace,http://dbpedia.org/resource/Paris,1,0.199036,1.0,2.66625,201460.0,0.041606,1.0,0.000198,0.000502,1.0
http://dbpedia.org/resource/Alexander_Kerensky,http://dbpedia.org/ontology/birthPlace,http://dbpedia.org/resource/Ulyanovsk,1,0.352956,1.0,0.025375,2937.0,0.094572,1.0,0.008264,0.000333,1.0
http://dbpedia.org/resource/Ernst_Mayr,http://dbpedia.org/ontology/birthPlace,http://dbpedia.org/resource/Kempten,1,0.0,1.0,0.008375,817.0,0.030608,1.0,0.0,9.3e-05,1.0
http://dbpedia.org/resource/Austen_Henry_Layard,http://dbpedia.org/ontology/deathPlace,http://dbpedia.org/resource/London,1,0.712288,1.0,0.06475,342165.0,0.078423,1.0,0.000131,0.000478,1.0
http://dbpedia.org/resource/Douglas_Adams,http://dbpedia.org/ontology/deathPlace,"http://dbpedia.org/resource/Santa_Barbara,_California",1,0.0,1.0,0.0035,37250.0,0.057783,1.0,0.0,2.7e-05,1.0
http://dbpedia.org/resource/James_Wilkinson,http://dbpedia.org/ontology/birthPlace,"http://dbpedia.org/resource/Benedict,_Maryland",1,0.220624,1.0,0.002875,112.0,0.061053,0.0,0.032258,0.00211,0.94
http://dbpedia.org/resource/Arthur_de_Gobineau,http://dbpedia.org/ontology/birthPlace,http://dbpedia.org/resource/Ville-d'Avray,1,0.0,1.0,0.004875,260.0,0.057444,1.0,0.0,0.00106,1.0
"http://dbpedia.org/resource/Francis_II,_Holy_Roman_Emperor",http://dbpedia.org/ontology/birthPlace,http://dbpedia.org/resource/Florence,1,0.0,1.0,0.000375,39237.0,0.053135,0.0,0.0,3.3e-05,0.94
http://dbpedia.org/resource/John_A._Roebling,http://dbpedia.org/ontology/birthPlace,http://dbpedia.org/resource/Mühlhausen,1,0.0,1.0,0.006,306.0,0.048281,1.0,0.0,0.000108,1.0
http://dbpedia.org/resource/Cornelius_Johnson_(artist),http://dbpedia.org/ontology/deathPlace,http://dbpedia.org/resource/Utrecht,1,0.105761,0.0,0.153,3060.0,0.035725,1.0,0.001623,0.000419,1.0
http://dbpedia.org/resource/John_A._Macdonald,http://dbpedia.org/ontology/deathPlace,http://dbpedia.org/resource/Ottawa,1,0.841355,1.0,0.842,180230.0,0.136882,1.0,0.001453,0.000484,0.98
http://dbpedia.org/resource/John_A._Roebling,http://dbpedia.org/ontology/deathPlace,http://dbpedia.org/resource/New_York_City,1,0.459818,1.0,3.539625,216117.0,0.051107,1.0,8.3e-05,0.0004,1.0
http://dbpedia.org/resource/James_Wilkinson,http://dbpedia.org/ontology/deathPlace,http://dbpedia.org/resource/Mexico_City,1,0.700454,1.0,1.416125,124180.0,0.144137,1.0,0.000673,0.000105,1.0
http://dbpedia.org/resource/Arthur_de_Gobineau,http://dbpedia.org/ontology/deathPlace,http://dbpedia.org/resource/Turin,1,0.266214,1.0,0.247875,16510.0,0.04225,1.0,0.001561,0.000151,1.0
http://dbpedia.org/resource/Frédéric_Bastiat,http://dbpedia.org/ontology/deathPlace,http://dbpedia.org/resource/Rome,1,0.261189,1.0,1.2525,119757.0,0.036329,1.0,0.000316,0.000111,1.0
http://dbpedia.org/resource/Adelaide_of_Italy,http://dbpedia.org/ontology/birthPlace,http://dbpedia.org/resource/Orbe,1,0.0,1.0,0.004625,330.0,0.017348,1.0,0.0,0.00059,1.0
"http://dbpedia.org/resource/Albert_VII,_Archduke_of_Austria",http://dbpedia.org/ontology/birthPlace,http://dbpedia.org/resource/Wiener_Neustadt,1,0.0,1.0,0.0,930.0,0.042907,0.0,0.0,3.2e-05,0.92
http://dbpedia.org/resource/Irenaeus,http://dbpedia.org/ontology/birthPlace,http://dbpedia.org/resource/İzmir,1,0.100354,1.0,0.05025,6540.0,0.056701,0.0,0.001799,0.000142,0.95
http://dbpedia.org/resource/Henry_Moseley,http://dbpedia.org/ontology/birthPlace,"http://dbpedia.org/resource/Weymouth,_Dorset",1,0.141226,1.0,0.02925,1605.0,0.051149,1.0,0.008264,0.000293,1.0
http://dbpedia.org/resource/Eduard_von_Böhm-Ermolli,http://dbpedia.org/ontology/birthPlace,http://dbpedia.org/resource/Ancona,1,0.0,1.0,0.000375,1573.0,0.035055,0.0,0.0,3.5e-05,0.94
http://dbpedia.org/resource/Henry_I_of_England,http://dbpedia.org/ontology/deathPlace,http://dbpedia.org/resource/Lyons-la-Forêt,1,0.0,0.0,0.0,66.0,0.032816,1.0,0.0,0.000767,1.0
http://dbpedia.org/resource/Irenaeus,http://dbpedia.org/ontology/deathPlace,http://dbpedia.org/resource/Lyon,1,0.648658,0.0,0.090875,12696.0,0.092601,1.0,0.001873,0.001252,1.0
http://dbpedia.org/resource/F._F._E._Yeo-Thomas,http://dbpedia.org/ontology/deathPlace,http://dbpedia.org/resource/Paris,1,0.0,0.0,0.02775,80584.0,0.037803,1.0,0.0,7.9e-05,1.0
http://dbpedia.org/resource/Eugene_Wigner,http://dbpedia.org/ontology/deathPlace,"http://dbpedia.org/resource/Princeton,_New_Jersey",1,0.0,1.0,0.07525,8942.0,0.065928,1.0,0.0,0.00019,1.0
http://dbpedia.org/resource/Anton_Chekhov,http://dbpedia.org/ontology/deathPlace,http://dbpedia.org/resource/Badenweiler,1,0.0,1.0,0.01875,1340.0,0.048992,1.0,0.0,0.000127,1.0
"http://dbpedia.org/resource/Diana,_Princess_of_Wales",http://dbpedia.org/ontology/deathPlace,http://dbpedia.org/resource/Paris,1,0.352956,0.0,0.002625,221606.0,0.0513,1.0,9.9e-05,0.000166,1.0
http://dbpedia.org/resource/Abd_al-Rahman_I,http://dbpedia.org/ontology/deathPlace,"http://dbpedia.org/resource/Córdoba,_Spain",1,0.0,0.0,0.0,1680.0,0.043868,1.0,0.0,7.2e-05,1.0
http://dbpedia.org/resource/Frank_Capra,http://dbpedia.org/ontology/birthPlace,http://dbpedia.org/resource/Bisacquino,1,0.0,1.0,0.0,396.0,0.036751,0.0,0.0,1.1e-05,0.92
"http://dbpedia.org/resource/Albert_VII,_Archduke_of_Austria",http://dbpedia.org/ontology/deathPlace,http://dbpedia.org/resource/Brussels,1,0.0,0.0,0.00025,29055.0,0.070726,1.0,0.0,0.00017,1.0
http://dbpedia.org/resource/Catherine_of_Aragon,http://dbpedia.org/ontology/deathPlace,http://dbpedia.org/resource/Huntingdonshire,1,0.0,0.0,0.0,885.0,0.034582,1.0,0.0,6.1e-05,1.0
http://dbpedia.org/resource/C._S._Forester,http://dbpedia.org/ontology/deathPlace,"http://dbpedia.org/resource/Fullerton,_California",1,0.0,1.0,0.028875,5790.0,0.031849,1.0,0.0,4.8e-05,1.0
http://dbpedia.org/resource/John_von_Neumann,http://dbpedia.org/ontology/deathPlace,"http://dbpedia.org/resource/Washington,_D.C.",1,0.195641,1.0,1.7905,1203684.0,0.069992,1.0,0.000242,5.5e-05,1.0
"http://dbpedia.org/resource/Christina,_Queen_of_Sweden",http://dbpedia.org/ontology/deathPlace,http://dbpedia.org/resource/Rome,1,0.0,0.0,0.0,37818.0,0.039981,1.0,0.0,2.3e-05,1.0
http://dbpedia.org/resource/James_Clavell,http://dbpedia.org/ontology/birthPlace,http://dbpedia.org/resource/Sydney,1,0.0,1.0,0.000125,126960.0,0.051408,0.0,0.0,1.2e-05,0.92
http://dbpedia.org/resource/Henry_Moseley,http://dbpedia.org/ontology/deathPlace,http://dbpedia.org/resource/Gelibolu,1,0.0,1.0,0.000875,360.0,0.038365,1.0,0.0,5.9e-05,1.0
http://dbpedia.org/resource/George_Frideric_Handel,http://dbpedia.org/ontology/deathPlace,http://dbpedia.org/resource/London,1,0.196315,1.0,4.32875,410598.0,0.068808,1.0,8.8e-05,0.000176,1.0
http://dbpedia.org/resource/Gregory_Bateson,http://dbpedia.org/ontology/deathPlace,http://dbpedia.org/resource/San_Francisco,1,0.217147,0.0,0.005375,267500.0,0.071441,1.0,0.000185,9.7e-05,1.0
http://dbpedia.org/resource/Fay_Wray,http://dbpedia.org/ontology/deathPlace,http://dbpedia.org/resource/New_York_City,1,0.276938,0.0,0.009875,1416767.0,0.074585,1.0,4.2e-05,4.8e-05,1.0
http://dbpedia.org/resource/Alfred_Hitchcock,http://dbpedia.org/ontology/deathPlace,"http://dbpedia.org/resource/Bel_Air,_Los_Angeles",1,0.378093,1.0,0.039625,3458.0,0.071472,1.0,0.015748,0.000164,1.0
http://dbpedia.org/resource/Frank_Capra,http://dbpedia.org/ontology/deathPlace,"http://dbpedia.org/resource/La_Quinta,_California",1,0.0,0.0,0.00025,1716.0,0.046122,1.0,0.0,9e-05,1.0
http://dbpedia.org/resource/Eduard_von_Böhm-Ermolli,http://dbpedia.org/ontology/deathPlace,http://dbpedia.org/resource/Opava,1,0.0,0.0,0.0,1023.0,0.033388,1.0,0.0,5.6e-05,1.0
http://dbpedia.org/resource/James_Clavell,http://dbpedia.org/ontology/deathPlace,http://dbpedia.org/resource/Vevey,1,0.0,1.0,0.019125,1748.0,0.045192,1.0,0.0,0.000132,1.0
http://dbpedia.org/resource/Hawley_Harvey_Crippen,http://dbpedia.org/ontology/birthPlace,"http://dbpedia.org/resource/Coldwater,_Michigan",1,0.0,1.0,0.010625,396.0,0.020252,1.0,0.0,0.000132,1.0
http://dbpedia.org/resource/John_A._Macdonald,http://dbpedia.org/ontology/birthPlace,http://dbpedia.org/resource/Glasgow,1,0.227296,1.0,0.837,305118.0,0.057859,1.0,0.000433,4.3e-05,1.0
http://dbpedia.org/resource/Bernardo_O'Higgins,http://dbpedia.org/ontology/birthPlace,http://dbpedia.org/resource/Chillán,1,0.558111,1.0,0.003875,903.0,0.139506,0.0,0.015873,0.00141,0.96
http://dbpedia.org/resource/Alexander_Kerensky,http://dbpedia.org/ontology/deathPlace,http://dbpedia.org/resource/New_York_City,1,0.199565,1.0,4.6455,792429.0,0.069474,1.0,8.3e-05,4.9e-05,1.0
http://dbpedia.org/resource/Eugene_Wigner,http://dbpedia.org/ontology/birthPlace,http://dbpedia.org/resource/Budapest,1,1.061232,0.0,0.82925,70261.0,0.091269,1.0,0.001206,0.000476,0.97
http://dbpedia.org/resource/Jean-Jacques_Rousseau,http://dbpedia.org/ontology/deathPlace,http://dbpedia.org/resource/Ermenonville,1,0.0,1.0,0.02525,396.0,0.025772,1.0,0.0,0.000559,1.0
http://dbpedia.org/resource/Adelaide_of_Italy,http://dbpedia.org/ontology/deathPlace,http://dbpedia.org/resource/Alsace,1,0.0,1.0,0.0265,2580.0,0.059566,1.0,0.0,0.000245,1.0
http://dbpedia.org/resource/Emma_Goldman,http://dbpedia.org/ontology/birthPlace,http://dbpedia.org/resource/Kaunas,1,0.396404,1.0,0.079875,14688.0,0.058225,1.0,0.00431,0.000126,1.0
http://dbpedia.org/resource/Alfred_Hitchcock,http://dbpedia.org/ontology/birthPlace,http://dbpedia.org/resource/London,1,1.347941,1.0,0.062125,2075801.0,0.098428,1.0,0.000131,7.8e-05,0.96
http://dbpedia.org/resource/Joe_Strummer,http://dbpedia.org/ontology/deathPlace,"http://dbpedia.org/resource/Broomfield,_Somerset",1,0.0,1.0,0.0165,804.0,0.023438,1.0,0.0,0.000216,1.0
http://dbpedia.org/resource/F._F._E._Yeo-Thomas,http://dbpedia.org/ontology/birthPlace,http://dbpedia.org/resource/London,1,0.0,1.0,0.007,182488.0,0.043265,0.0,0.0,5.6e-05,0.94
"http://dbpedia.org/resource/Christina,_Queen_of_Sweden",http://dbpedia.org/ontology/birthPlace,http://dbpedia.org/resource/Stockholm,1,0.0,1.0,0.00025,25890.0,0.041565,0.0,0.0,0.000781,0.94
http://dbpedia.org/resource/Aaliyah,http://dbpedia.org/ontology/birthPlace,http://dbpedia.org/resource/Brooklyn,1,0.36669,1.0,0.169,341165.0,0.063984,0.0,0.00032,0.000149,0.95
"http://dbpedia.org/resource/Diana,_Princess_of_Wales",http://dbpedia.org/ontology/birthPlace,"http://dbpedia.org/resource/Sandringham,_Norfolk",1,0.0,1.0,0.00175,110.0,0.066229,0.0,0.0,0.000883,0.94
http://dbpedia.org/resource/Joseph_Conrad,http://dbpedia.org/ontology/deathPlace,http://dbpedia.org/resource/Bishopsbourne,1,0.123816,1.0,0.011375,238.0,0.040681,1.0,0.025,0.001221,1.0
http://dbpedia.org/resource/Amerigo_Vespucci,http://dbpedia.org/ontology/deathPlace,http://dbpedia.org/resource/Seville,1,0.0,1.0,0.108,6780.0,0.052491,1.0,0.0,0.000117,1.0
http://dbpedia.org/resource/John_Stuart_Mill,http://dbpedia.org/ontology/birthPlace,http://dbpedia.org/resource/London_Borough_of_Islington,1,0.096663,0.0,0.00475,5740.0,0.032715,0.0,0.006623,0.000112,0.94
http://dbpedia.org/resource/Henry_I_of_England,http://dbpedia.org/ontology/birthPlace,http://dbpedia.org/resource/Selby,1,0.0,1.0,0.00025,1298.0,0.027168,0.0,0.0,0.000194,0.94
http://dbpedia.org/resource/Benoit_Mandelbrot,http://dbpedia.org/ontology/deathPlace,"http://dbpedia.org/resource/Cambridge,_Massachusetts",1,0.0,0.0,0.001375,15924.0,0.058328,1.0,0.0,4.9e-05,1.0
"http://dbpedia.org/resource/Francis_II,_Holy_Roman_Emperor",http://dbpedia.org/ontology/deathPlace,http://dbpedia.org/resource/Vienna,1,0.936018,0.0,0.01,127743.0,0.084214,1.0,0.000513,0.000205,0.96
http://dbpedia.org/resource/Amerigo_Vespucci,http://dbpedia.org/ontology/birthPlace,http://dbpedia.org/resource/Florence,1,0.348682,1.0,0.246125,11890.0,0.066133,1.0,0.001671,0.00028,1.0
http://dbpedia.org/resource/Bernardo_O'Higgins,http://dbpedia.org/ontology/deathPlace,http://dbpedia.org/resource/Lima,1,0.937034,0.0,0.006875,34986.0,0.115991,1.0,0.001187,0.000641,0.96
http://dbpedia.org/resource/Abbas_II_of_Egypt,http://dbpedia.org/ontology/deathPlace,http://dbpedia.org/resource/Geneva,1,0.0,0.0,0.00025,9153.0,0.033972,1.0,0.0,1e-05,1.0
http://dbpedia.org/resource/Catherine_of_Aragon,http://dbpedia.org/ontology/birthPlace,http://dbpedia.org/resource/Alcalá_de_Henares,1,0.0,1.0,0.0,355.0,0.021212,0.0,0.0,4.6e-05,0.92
http://dbpedia.org/resource/John_Stuart_Mill,http://dbpedia.org/ontology/deathPlace,http://dbpedia.org/resource/Avignon,1,0.417032,1.0,0.044875,16154.0,0.0878,1.0,0.003597,0.00013,1.0
http://dbpedia.org/resource/Douglas_Adams,http://dbpedia.org/ontology/birthPlace,http://dbpedia.org/resource/Cambridge,1,0.144453,1.0,0.216,57550.0,0.046231,1.0,0.000833,9.4e-05,1.0
http://dbpedia.org/resource/John_Peel,http://dbpedia.org/ontology/deathPlace,http://dbpedia.org/resource/Cusco,1,0.0,1.0,0.016,1313.0,0.019028,1.0,0.0,0.000145,1.0
http://dbpedia.org/resource/Joris_Ivens,http://dbpedia.org/ontology/deathPlace,http://dbpedia.org/resource/Paris,1,0.108488,1.0,1.72075,251825.0,0.070291,1.0,9.9e-05,0.000134,1.0
http://dbpedia.org/resource/John_Peel,http://dbpedia.org/ontology/birthPlace,http://dbpedia.org/resource/Heswall,1,0.0,1.0,0.00475,260.0,0.028548,1.0,0.0,0.000224,1.0
http://dbpedia.org/resource/Alfonso_IV_of_Aragon,http://dbpedia.org/ontology/deathPlace,http://dbpedia.org/resource/Barcelona,1,0.0,0.0,0.0005,27450.0,0.041687,1.0,0.0,4.3e-05,1.0
http://dbpedia.org/resource/Ernst_Mayr,http://dbpedia.org/ontology/deathPlace,"http://dbpedia.org/resource/Bedford,_Massachusetts",1,0.0,1.0,0.009125,931.0,0.027198,1.0,0.0,7.2e-05,1.0
http://dbpedia.org/resource/Cornelius_Johnson_(artist),http://dbpedia.org/ontology/birthPlace,http://dbpedia.org/resource/London,1,0.096663,1.0,0.9155,114055.0,0.038074,1.0,4.4e-05,7.1e-05,1.0
http://dbpedia.org/resource/Fay_Wray,http://dbpedia.org/ontology/birthPlace,http://dbpedia.org/resource/Alberta,1,0.0,1.0,0.0,328689.0,0.029597,0.0,0.0,1e-05,0.92
http://dbpedia.org/resource/Austen_Henry_Layard,http://dbpedia.org/ontology/birthPlace,http://dbpedia.org/resource/Paris,1,0.213578,0.0,0.009625,151095.0,0.045956,1.0,9.9e-05,4.9e-05,1.0
http://dbpedia.org/resource/Frédéric_Bastiat,http://dbpedia.org/ontology/birthPlace,http://dbpedia.org/resource/Bayonne,1,0.090548,1.0,0.04,2850.0,0.035429,1.0,0.005952,0.000361,1.0
http://dbpedia.org/resource/André_Weil,http://dbpedia.org/ontology/birthPlace,http://dbpedia.org/resource/Paris,1,0.724973,1.0,1.78925,201460.0,0.057683,1.0,0.000396,0.000335,1.0
http://dbpedia.org/resource/Joseph_Conrad,http://dbpedia.org/ontology/birthPlace,http://dbpedia.org/resource/Berdychiv,1,0.0,1.0,0.014375,1530.0,0.033604,1.0,0.0,8.1e-05,1.0
http://dbpedia.org/resource/George_Frideric_Handel,http://dbpedia.org/ontology/birthPlace,http://dbpedia.org/resource/Halle_(Saale),1,1.530224,1.0,0.044375,4320.0,0.154003,1.0,0.011765,0.000935,0.96
http://dbpedia.org/resource/Ivan_Bunin,http://dbpedia.org/ontology/birthPlace,http://dbpedia.org/resource/Voronezh,1,0.0,1.0,0.04,4360.0,0.040791,1.0,0.0,0.000646,1.0
http://dbpedia.org/resource/Jean-Jacques_Rousseau,http://dbpedia.org/ontology/birthPlace,http://dbpedia.org/resource/Geneva,1,0.144412,1.0,0.201875,134244.0,0.0883,1.0,0.000871,5.6e-05,1.0
http://dbpedia.org/resource/Carlo_Goldoni,http://dbpedia.org/ontology/birthPlace,http://dbpedia.org/resource/Venice,1,1.229857,1.0,0.193125,11508.0,0.106536,1.0,0.003601,0.001617,0.96
http://dbpedia.org/resource/Joe_Strummer,http://dbpedia.org/ontology/birthPlace,http://dbpedia.org/resource/Ankara,1,0.0,1.0,0.180375,73097.0,0.031353,1.0,0.0,2.1e-05,1.0
http://dbpedia.org/resource/Carlo_Goldoni,http://dbpedia.org/ontology/deathPlace,http://dbpedia.org/resource/Paris,1,0.108488,1.0,1.709375,141022.0,0.052571,1.0,9.9e-05,0.000104,1.0
http://dbpedia.org/resource/Ambrose,http://dbpedia.org/ontology/birthPlace,http://dbpedia.org/resource/Trier,1,0.0,1.0,0.022,3429.0,0.040201,1.0,0.0,9.8e-05,1.0
http://dbpedia.org/resource/Alfonso_IV_of_Aragon,http://dbpedia.org/ontology/birthPlace,http://dbpedia.org/resource/Naples,1,0.0,1.0,0.0,16030.0,0.040691,0.0,0.0,0.000247,0.92
http://dbpedia.org/resource/André_Weil,http://dbpedia.org/ontology/deathPlace,"http://dbpedia.org/resource/Princeton,_New_Jersey",1,0.0,1.0,0.08075,10520.0,0.053076,1.0,0.0,7.5e-05,1.0
http://dbpedia.org/resource/Emma_Goldman,http://dbpedia.org/ontology/deathPlace,http://dbpedia.org/resource/Kaunas,0,0.396404,0.0,0.079875,14688.0,0.177504,0.0,0.00431,0.000192,0.97
http://dbpedia.org/resource/John_A._Roebling,http://dbpedia.org/ontology/deathPlace,http://dbpedia.org/resource/Mühlhausen,0,0.0,0.0,0.006,306.0,0.239683,0.0,0.0,0.000139,0.96
http://dbpedia.org/resource/James_Clavell,http://dbpedia.org/ontology/deathPlace,http://dbpedia.org/resource/Sydney,0,0.0,0.0,0.000125,126960.0,0.045928,1.0,0.0,1.1e-05,1.0
http://dbpedia.org/resource/Ambrose,http://dbpedia.org/ontology/birthPlace,http://dbpedia.org/resource/Milan,0,0.125975,0.0,0.4565,75654.0,0.18937,0.0,0.000354,0.001608,0.97
http://dbpedia.org/resource/Frank_Capra,http://dbpedia.org/ontology/deathPlace,http://dbpedia.org/resource/Bisacquino,0,0.0,0.0,0.0,396.0,0.033502,1.0,0.0,1.5e-05,1.0
http://dbpedia.org/resource/Alexander_Kerensky,http://dbpedia.org/ontology/deathPlace,http://dbpedia.org/resource/Ulyanovsk,0,0.352956,0.0,0.025375,2937.0,0.251584,0.0,0.008264,0.00026,0.97
http://dbpedia.org/resource/Arthur_de_Gobineau,http://dbpedia.org/ontology/deathPlace,http://dbpedia.org/resource/Ville-d'Avray,0,0.0,0.0,0.004875,260.0,0.275296,0.0,0.0,0.000985,0.96
http://dbpedia.org/resource/Eugene_Wigner,http://dbpedia.org/ontology/deathPlace,http://dbpedia.org/resource/Budapest,0,1.061232,1.0,0.82925,70261.0,0.168194,0.0,0.001206,0.000556,0.96
http://dbpedia.org/resource/George_Frideric_Handel,http://dbpedia.org/ontology/deathPlace,http://dbpedia.org/resource/Halle_(Saale),0,1.530224,0.0,0.044375,4320.0,0.255925,0.0,0.011765,0.001299,0.94
http://dbpedia.org/resource/Douglas_Adams,http://dbpedia.org/ontology/birthPlace,"http://dbpedia.org/resource/Santa_Barbara,_California",0,0.0,0.0,0.0035,37250.0,0.052067,0.0,0.0,2.8e-05,0.94
http://dbpedia.org/resource/Catherine_of_Aragon,http://dbpedia.org/ontology/birthPlace,http://dbpedia.org/resource/Huntingdonshire,0,0.0,1.0,0.0,885.0,0.034712,0.0,0.0,6.3e-05,0.92
http://dbpedia.org/resource/Alfonso_IV_of_Aragon,http://dbpedia.org/ontology/birthPlace,http://dbpedia.org/resource/Barcelona,0,0.0,1.0,0.0005,27450.0,0.038938,0.0,0.0,5.9e-05,0.94
http://dbpedia.org/resource/Douglas_Adams,http://dbpedia.org/ontology/deathPlace,http://dbpedia.org/resource/Cambridge,0,0.144453,0.0,0.216,57550.0,0.147369,0.0,0.000833,6.3e-05,0.97
http://dbpedia.org/resource/Joseph_Conrad,http://dbpedia.org/ontology/birthPlace,http://dbpedia.org/resource/Bishopsbourne,0,0.123816,0.0,0.011375,238.0,0.336809,0.0,0.025,0.001107,0.96
http://dbpedia.org/resource/Alfonso_IV_of_Aragon,http://dbpedia.org/ontology/deathPlace,http://dbpedia.org/resource/Naples,0,0.0,0.0,0.0,16030.0,0.037345,1.0,0.0,0.000211,1.0
http://dbpedia.org/resource/Arthur_de_Gobineau,http://dbpedia.org/ontology/birthPlace,http://dbpedia.org/resource/Turin,0,0.266214,0.0,0.247875,16510.0,0.139635,0.0,0.001561,0.000157,0.97
"http://dbpedia.org/resource/Albert_VII,_Archduke_of_Austria",http://dbpedia.org/ontology/deathPlace,http://dbpedia.org/resource/Wiener_Neustadt,0,0.0,0.0,0.0,930.0,0.044525,1.0,0.0,3.4e-05,1.0
http://dbpedia.org/resource/Joseph_Conrad,http://dbpedia.org/ontology/deathPlace,http://dbpedia.org/resource/Berdychiv,0,0.0,0.0,0.014375,1530.0,0.215909,0.0,0.0,7e-05,0.97
http://dbpedia.org/resource/Catherine_of_Aragon,http://dbpedia.org/ontology/deathPlace,http://dbpedia.org/resource/Alcalá_de_Henares,0,0.0,0.0,0.0,355.0,0.022629,1.0,0.0,4.2e-05,1.0
http://dbpedia.org/resource/Joris_Ivens,http://dbpedia.org/ontology/deathPlace,http://dbpedia.org/resource/Nijmegen,0,0.105761,0.0,0.0755,5800.0,0.165816,0.0,0.003906,0.000186,0.97
http://dbpedia.org/resource/Gregory_Bateson,http://dbpedia.org/ontology/deathPlace,http://dbpedia.org/resource/Grantchester,0,0.0,0.0,0.011125,650.0,0.282076,0.0,0.0,0.000198,0.96
http://dbpedia.org/resource/James_Wilkinson,http://dbpedia.org/ontology/birthPlace,http://dbpedia.org/resource/Mexico_City,0,0.700454,0.0,1.416125,124180.0,0.231094,0.0,0.000673,0.000117,0.97
http://dbpedia.org/resource/Ivan_Bunin,http://dbpedia.org/ontology/deathPlace,http://dbpedia.org/resource/Voronezh,0,0.0,0.0,0.04,4360.0,0.17247,0.0,0.0,0.000674,0.97
http://dbpedia.org/resource/J._R._R._Tolkien,http://dbpedia.org/ontology/deathPlace,http://dbpedia.org/resource/Bloemfontein,0,0.222232,0.0,0.073375,39867.0,0.174248,0.0,0.002342,5.4e-05,0.97
http://dbpedia.org/resource/Gregory_Bateson,http://dbpedia.org/ontology/birthPlace,http://dbpedia.org/resource/San_Francisco,0,0.217147,1.0,0.005375,267500.0,0.072029,0.0,0.000185,9.2e-05,0.96
http://dbpedia.org/resource/Jean-Jacques_Rousseau,http://dbpedia.org/ontology/birthPlace,http://dbpedia.org/resource/Ermenonville,0,0.0,0.0,0.02525,396.0,0.447949,0.0,0.0,0.000703,0.97
http://dbpedia.org/resource/Alfred_Hitchcock,http://dbpedia.org/ontology/birthPlace,"http://dbpedia.org/resource/Bel_Air,_Los_Angeles",0,0.378093,0.0,0.039625,3458.0,0.253382,0.0,0.015748,0.000162,0.97
http://dbpedia.org/resource/F._F._E._Yeo-Thomas,http://dbpedia.org/ontology/deathPlace,http://dbpedia.org/resource/London,0,0.0,0.0,0.007,182488.0,0.041803,1.0,0.0,3.6e-05,1.0
http://dbpedia.org/resource/Ernst_Mayr,http://dbpedia.org/ontology/deathPlace,http://dbpedia.org/resource/Kempten,0,0.0,0.0,0.008375,817.0,0.212503,0.0,0.0,9.7e-05,0.96
http://dbpedia.org/resource/Frank_Capra,http://dbpedia.org/ontology/birthPlace,"http://dbpedia.org/resource/La_Quinta,_California",0,0.0,1.0,0.00025,1716.0,0.043974,0.0,0.0,8.2e-05,0.94
http://dbpedia.org/resource/Ivan_Bunin,http://dbpedia.org/ontology/birthPlace,http://dbpedia.org/resource/Paris,0,0.199036,0.0,2.66625,201460.0,0.127152,0.0,0.000198,0.000397,0.97
http://dbpedia.org/resource/Carlo_Goldoni,http://dbpedia.org/ontology/deathPlace,http://dbpedia.org/resource/Venice,0,1.229857,0.0,0.193125,11508.0,0.207211,0.0,0.003601,0.001458,0.95
http://dbpedia.org/resource/Anton_Chekhov,http://dbpedia.org/ontology/birthPlace,http://dbpedia.org/resource/Badenweiler,0,0.0,0.0,0.01875,1340.0,0.311087,0.0,0.0,0.000143,0.97
http://dbpedia.org/resource/Austen_Henry_Layard,http://dbpedia.org/ontology/deathPlace,http://dbpedia.org/resource/Paris,0,0.213578,1.0,0.009625,151095.0,0.046361,0.0,9.9e-05,6.1e-05,0.94
http://dbpedia.org/resource/John_A._Macdonald,http://dbpedia.org/ontology/birthPlace,http://dbpedia.org/resource/Ottawa,0,0.841355,0.0,0.842,180230.0,0.200699,0.0,0.001453,0.000433,0.97
http://dbpedia.org/resource/Joe_Strummer,http://dbpedia.org/ontology/deathPlace,http://dbpedia.org/resource/Ankara,0,0.0,0.0,0.180375,73097.0,0.142522,0.0,0.0,2.6e-05,0.97
"http://dbpedia.org/resource/Albert_VII,_Archduke_of_Austria",http://dbpedia.org/ontology/birthPlace,http://dbpedia.org/resource/Brussels,0,0.0,1.0,0.00025,29055.0,0.068605,0.0,0.0,0.000135,0.96
http://dbpedia.org/resource/Anton_Chekhov,http://dbpedia.org/ontology/deathPlace,http://dbpedia.org/resource/Taganrog,0,1.590353,0.0,0.05775,24790.0,0.312946,0.0,0.009494,0.000977,0.94
http://dbpedia.org/resource/Benoit_Mandelbrot,http://dbpedia.org/ontology/deathPlace,http://dbpedia.org/resource/Warsaw,0,0.0,0.0,0.000875,37044.0,0.04571,1.0,0.0,4.4e-05,1.0
http://dbpedia.org/resource/George_Frideric_Handel,http://dbpedia.org/ontology/birthPlace,http://dbpedia.org/resource/London,0,0.196315,0.0,4.32875,410598.0,0.132589,0.0,8.8e-05,0.000138,0.97
http://dbpedia.org/resource/Adelaide_of_Italy,http://dbpedia.org/ontology/deathPlace,http://dbpedia.org/resource/Orbe,0,0.0,0.0,0.004625,330.0,0.235254,0.0,0.0,0.00055,0.96
http://dbpedia.org/resource/James_Wilkinson,http://dbpedia.org/ontology/deathPlace,"http://dbpedia.org/resource/Benedict,_Maryland",0,0.220624,0.0,0.002875,112.0,0.056688,1.0,0.032258,0.001676,1.0
http://dbpedia.org/resource/Aaliyah,http://dbpedia.org/ontology/deathPlace,http://dbpedia.org/resource/Brooklyn,0,0.36669,0.0,0.169,341165.0,0.057909,0.0,0.00032,0.000128,0.95
http://dbpedia.org/resource/Hawley_Harvey_Crippen,http://dbpedia.org/ontology/birthPlace,http://dbpedia.org/resource/London,0,0.196315,0.0,4.3265,136866.0,0.135466,0.0,8.8e-05,0.000397,0.97
http://dbpedia.org/resource/Abbas_II_of_Egypt,http://dbpedia.org/ontology/birthPlace,http://dbpedia.org/resource/Geneva,0,0.0,1.0,0.00025,9153.0,0.031814,0.0,0.0,9e-06,0.94
http://dbpedia.org/resource/Joris_Ivens,http://dbpedia.org/ontology/birthPlace,http://dbpedia.org/resource/Paris,0,0.108488,0.0,1.72075,251825.0,0.1422,0.0,9.9e-05,0.000132,0.97
http://dbpedia.org/resource/John_A._Roebling,http://dbpedia.org/ontology/birthPlace,http://dbpedia.org/resource/New_York_City,0,0.459818,0.0,3.539625,216117.0,0.126311,0.0,8.3e-05,0.000402,0.97
http://dbpedia.org/resource/John_Stuart_Mill,http://dbpedia.org/ontology/deathPlace,http://dbpedia.org/resource/London_Borough_of_Islington,0,0.096663,1.0,0.00475,5740.0,0.031423,1.0,0.006623,0.000132,1.0
http://dbpedia.org/resource/Jean-Jacques_Rousseau,http://dbpedia.org/ontology/deathPlace,http://dbpedia.org/resource/Geneva,0,0.144412,0.0,0.201875,134244.0,0.166039,0.0,0.000871,6.7e-05,0.97
http://dbpedia.org/resource/Cornelius_Johnson_(artist),http://dbpedia.org/ontology/deathPlace,http://dbpedia.org/resource/London,0,0.096663,0.0,0.9155,114055.0,0.03342,0.0,4.4e-05,0.000118,0.95
"http://dbpedia.org/resource/Francis_II,_Holy_Roman_Emperor",http://dbpedia.org/ontology/birthPlace,http://dbpedia.org/resource/Vienna,0,0.936018,1.0,0.01,127743.0,0.076222,0.0,0.000513,0.000136,0.95
http://dbpedia.org/resource/Fay_Wray,http://dbpedia.org/ontology/deathPlace,http://dbpedia.org/resource/Alberta,0,0.0,0.0,0.0,328689.0,0.034875,1.0,0.0,1.1e-05,1.0
http://dbpedia.org/resource/Eduard_von_Böhm-Ermolli,http://dbpedia.org/ontology/birthPlace,http://dbpedia.org/resource/Opava,0,0.0,1.0,0.0,1023.0,0.034124,0.0,0.0,4.4e-05,0.92
http://dbpedia.org/resource/Abd_al-Rahman_I,http://dbpedia.org/ontology/birthPlace,"http://dbpedia.org/resource/Córdoba,_Spain",0,0.0,1.0,0.0,1680.0,0.042981,0.0,0.0,6.3e-05,0.92
http://dbpedia.org/resource/Fay_Wray,http://dbpedia.org/ontology/birthPlace,http://dbpedia.org/resource/New_York_City,0,0.276938,1.0,0.009875,1416767.0,0.080171,0.0,4.2e-05,4.7e-05,0.96
http://dbpedia.org/resource/John_von_Neumann,http://dbpedia.org/ontology/birthPlace,"http://dbpedia.org/resource/Washington,_D.C.",0,0.195641,0.0,1.7905,1203684.0,0.150672,0.0,0.000242,4.6e-05,0.97
http://dbpedia.org/resource/Amerigo_Vespucci,http://dbpedia.org/ontology/birthPlace,http://dbpedia.org/resource/Seville,0,0.0,0.0,0.108,6780.0,0.161779,0.0,0.0,0.000147,0.97
http://dbpedia.org/resource/Henry_Moseley,http://dbpedia.org/ontology/birthPlace,http://dbpedia.org/resource/Gelibolu,0,0.0,0.0,0.000875,360.0,0.035067,0.0,0.0,7.6e-05,0.94
http://dbpedia.org/resource/F._F._E._Yeo-Thomas,http://dbpedia.org/ontology/birthPlace,http://dbpedia.org/resource/Paris,0,0.0,1.0,0.02775,80584.0,0.03561,0.0,0.0,5.2e-05,0.95
http://dbpedia.org/resource/Henry_Moseley,http://dbpedia.org/ontology/deathPlace,"http://dbpedia.org/resource/Weymouth,_Dorset",0,0.141226,0.0,0.02925,1605.0,0.200856,0.0,0.008264,0.000213,0.97
http://dbpedia.org/resource/Abd_al-Rahman_I,http://dbpedia.org/ontology/deathPlace,http://dbpedia.org/resource/Damascus,0,0.0,0.0,0.0,5355.0,0.053687,1.0,0.0,3.4e-05,1.0
http://dbpedia.org/resource/C._S._Forester,http://dbpedia.org/ontology/deathPlace,http://dbpedia.org/resource/Cairo,0,0.348404,1.0,0.317625,54990.0,0.143875,0.0,0.001075,0.000197,0.97
http://dbpedia.org/resource/Hawley_Harvey_Crippen,http://dbpedia.org/ontology/deathPlace,"http://dbpedia.org/resource/Coldwater,_Michigan",0,0.0,0.0,0.010625,396.0,0.187611,0.0,0.0,0.000137,0.96
http://dbpedia.org/resource/John_Peel,http://dbpedia.org/ontology/birthPlace,http://dbpedia.org/resource/Cusco,0,0.0,0.0,0.016,1313.0,0.176005,0.0,0.0,0.000131,0.97
"http://dbpedia.org/resource/Christina,_Queen_of_Sweden",http://dbpedia.org/ontology/birthPlace,http://dbpedia.org/resource/Rome,0,0.0,1.0,0.0,37818.0,0.036437,0.0,0.0,1.9e-05,0.92
http://dbpedia.org/resource/John_Peel,http://dbpedia.org/ontology/deathPlace,http://dbpedia.org/resource/Heswall,0,0.0,0.0,0.00475,260.0,0.243921,0.0,0.0,0.000229,0.96
http://dbpedia.org/resource/André_Weil,http://dbpedia.org/ontology/birthPlace,"http://dbpedia.org/resource/Princeton,_New_Jersey",0,0.0,0.0,0.08075,10520.0,0.162808,0.0,0.0,8.3e-05,0.97
http://dbpedia.org/resource/John_von_Neumann,http://dbpedia.org/ontology/deathPlace,http://dbpedia.org/resource/Budapest,0,1.890915,0.0,0.93,611684.0,0.188082,0.0,0.001872,0.000134,0.95
http://dbpedia.org/resource/Eugene_Wigner,http://dbpedia.org/ontology/birthPlace,"http://dbpedia.org/resource/Princeton,_New_Jersey",0,0.0,0.0,0.07525,8942.0,0.18221,0.0,0.0,0.000143,0.97
http://dbpedia.org/resource/Emma_Goldman,http://dbpedia.org/ontology/birthPlace,http://dbpedia.org/resource/Toronto,0,0.110131,0.0,1.332375,298486.0,0.116027,0.0,0.000113,5.9e-05,0.97
http://dbpedia.org/resource/Augustus_II_the_Strong,http://dbpedia.org/ontology/deathPlace,http://dbpedia.org/resource/Dresden,0,0.0,0.0,0.000875,15290.0,0.096133,1.0,0.0,7.9e-05,1.0
http://dbpedia.org/resource/Frédéric_Bastiat,http://dbpedia.org/ontology/birthPlace,http://dbpedia.org/resource/Rome,0,0.261189,0.0,1.2525,119757.0,0.127503,0.0,0.000316,0.000111,0.97
"http://dbpedia.org/resource/Francis_II,_Holy_Roman_Emperor",http://dbpedia.org/ontology/deathPlace,http://dbpedia.org/resource/Florence,0,0.0,0.0,0.000375,39237.0,0.051986,1.0,0.0,3.6e-05,1.0
http://dbpedia.org/resource/Eduard_von_Böhm-Ermolli,http://dbpedia.org/ontology/deathPlace,http://dbpedia.org/resource/Ancona,0,0.0,0.0,0.000375,1573.0,0.029753,1.0,0.0,2.8e-05,1.0
http://dbpedia.org/resource/Austen_Henry_Layard,http://dbpedia.org/ontology/birthPlace,http://dbpedia.org/resource/London,0,0.712288,1.0,0.06475,342165.0,0.075522,0.0,0.000131,0.000378,0.97
http://dbpedia.org/resource/Joe_Strummer,http://dbpedia.org/ontology/birthPlace,"http://dbpedia.org/resource/Broomfield,_Somerset",0,0.0,0.0,0.0165,804.0,0.276488,0.0,0.0,0.000204,0.97
"http://dbpedia.org/resource/Christina,_Queen_of_Sweden",http://dbpedia.org/ontology/deathPlace,http://dbpedia.org/resource/Stockholm,0,0.0,0.0,0.00025,25890.0,0.040881,1.0,0.0,0.000961,1.0
http://dbpedia.org/resource/Irenaeus,http://dbpedia.org/ontology/birthPlace,http://dbpedia.org/resource/Lyon,0,0.648658,1.0,0.090875,12696.0,0.09112,0.0,0.001873,0.000957,0.97
http://dbpedia.org/resource/Cornelius_Johnson_(artist),http://dbpedia.org/ontology/birthPlace,http://dbpedia.org/resource/Utrecht,0,0.105761,1.0,0.153,3060.0,0.154668,0.0,0.001623,0.000337,0.97
http://dbpedia.org/resource/Alfred_Hitchcock,http://dbpedia.org/ontology/deathPlace,http://dbpedia.org/resource/London,0,1.347941,0.0,0.062125,2075801.0,0.098321,0.0,0.000131,0.000118,0.94
http://dbpedia.org/resource/Adelaide_of_Italy,http://dbpedia.org/ontology/birthPlace,http://dbpedia.org/resource/Alsace,0,0.0,0.0,0.0265,2580.0,0.201923,0.0,0.0,0.000201,0.97
http://dbpedia.org/resource/Frédéric_Bastiat,http://dbpedia.org/ontology/deathPlace,http://dbpedia.org/resource/Bayonne,0,0.090548,0.0,0.04,2850.0,0.181799,0.0,0.005952,0.000398,0.97
http://dbpedia.org/resource/John_Stuart_Mill,http://dbpedia.org/ontology/birthPlace,http://dbpedia.org/resource/Avignon,0,0.417032,0.0,0.044875,16154.0,0.220527,0.0,0.003597,0.000228,0.97
http://dbpedia.org/resource/Carlo_Goldoni,http://dbpedia.org/ontology/birthPlace,http://dbpedia.org/resource/Paris,0,0.108488,0.0,1.709375,141022.0,0.126575,0.0,9.9e-05,9.7e-05,0.97
http://dbpedia.org/resource/Benoit_Mandelbrot,http://dbpedia.org/ontology/birthPlace,"http://dbpedia.org/resource/Cambridge,_Massachusetts",0,0.0,1.0,0.001375,15924.0,0.05269,0.0,0.0,5.9e-05,0.94
http://dbpedia.org/resource/Aaliyah,http://dbpedia.org/ontology/birthPlace,http://dbpedia.org/resource/Marsh_Harbour,0,0.5092,0.0,0.019,495.0,0.36699,0.0,0.032258,0.001291,0.97
http://dbpedia.org/resource/Henry_I_of_England,http://dbpedia.org/ontology/birthPlace,http://dbpedia.org/resource/Lyons-la-Forêt,0,0.0,1.0,0.0,66.0,0.036512,0.0,0.0,0.000755,0.92
http://dbpedia.org/resource/James_Clavell,http://dbpedia.org/ontology/birthPlace,http://dbpedia.org/resource/Vevey,0,0.0,0.0,0.019125,1748.0,0.209789,0.0,0.0,0.000134,0.97
http://dbpedia.org/resource/Irenaeus,http://dbpedia.org/ontology/deathPlace,http://dbpedia.org/resource/İzmir,0,0.100354,0.0,0.05025,6540.0,0.052463,1.0,0.001799,0.000165,1.0
http://dbpedia.org/resource/Ernst_Mayr,http://dbpedia.org/ontology/birthPlace,"http://dbpedia.org/resource/Bedford,_Massachusetts",0,0.0,0.0,0.009125,931.0,0.208455,0.0,0.0,0.000101,0.96
http://dbpedia.org/resource/J._R._R._Tolkien,http://dbpedia.org/ontology/birthPlace,http://dbpedia.org/resource/Bournemouth,0,0.849342,0.0,0.098875,60691.0,0.222119,0.0,0.005199,7.6e-05,0.97
http://dbpedia.org/resource/Henry_I_of_England,http://dbpedia.org/ontology/deathPlace,http://dbpedia.org/resource/Selby,0,0.0,0.0,0.00025,1298.0,0.027368,1.0,0.0,0.000134,1.0
http://dbpedia.org/resource/Bernardo_O'Higgins,http://dbpedia.org/ontology/deathPlace,http://dbpedia.org/resource/Chillán,0,0.558111,0.0,0.003875,903.0,0.129044,1.0,0.015873,0.00139,1.0
"http://dbpedia.org/resource/Diana,_Princess_of_Wales",http://dbpedia.org/ontology/birthPlace,http://dbpedia.org/resource/Paris,0,0.352956,1.0,0.002625,221606.0,0.046397,0.0,9.9e-05,8.7e-05,0.94
http://dbpedia.org/resource/Amerigo_Vespucci,http://dbpedia.org/ontology/deathPlace,http://dbpedia.org/resource/Florence,0,0.348682,0.0,0.246125,11890.0,0.163978,0.0,0.001671,0.000287,0.97
http://dbpedia.org/resource/C._S._Forester,http://dbpedia.org/ontology/birthPlace,"http://dbpedia.org/resource/Fullerton,_California",0,0.0,0.0,0.028875,5790.0,0.166653,0.0,0.0,9.7e-05,0.97
http://dbpedia.org/resource/Bernardo_O'Higgins,http://dbpedia.org/ontology/birthPlace,http://dbpedia.org/resource/Lima,0,0.937034,1.0,0.006875,34986.0,0.106161,0.0,0.001187,0.000624,0.95
http://dbpedia.org/resource/John_A._Macdonald,http://dbpedia.org/ontology/deathPlace,http://dbpedia.org/resource/Glasgow,0,0.227296,0.0,0.837,305118.0,0.13761,0.0,0.000433,6.4e-05,0.97
http://dbpedia.org/resource/Augustus_II_the_Strong,http://dbpedia.org/ontology/birthPlace,http://dbpedia.org/resource/Warsaw,0,0.0,1.0,0.0015,67914.0,0.076135,0.0,0.0,0.000178,0.96
http://dbpedia.org/resource/André_Weil,http://dbpedia.org/ontology/deathPlace,http://dbpedia.org/resource/Paris,0,0.724973,0.0,1.78925,201460.0,0.133767,0.0,0.000396,0.000268,0.97
http://dbpedia.org/resource/Abbas_II_of_Egypt,http://dbpedia.org/ontology/deathPlace,http://dbpedia.org/resource/Alexandria,0,0.0,0.0,0.002625,5688.0,0.049049,1.0,0.0,0.000167,1.0
http://dbpedia.org/resource/Alexander_Kerensky,http://dbpedia.org/ontology/birthPlace,http://dbpedia.org/resource/New_York_City,0,0.199565,0.0,4.6455,792429.0,0.134222,0.0,8.3e-05,4.6e-05,0.97
"http://dbpedia.org/resource/Diana,_Princess_of_Wales",http://dbpedia.org/ontology/deathPlace,"http://dbpedia.org/resource/Sandringham,_Norfolk",0,0.0,0.0,0.00175,110.0,0.064295,1.0,0.0,0.000894,1.0
