subject,predicate,object,truth,jaccard,adamic_adar,simrank,ks,katz,predpath,pathent,ensemble_score
http://dbpedia.org/resource/Gregory_Bateson,http://dbpedia.org/ontology/birthPlace,http://dbpedia.org/resource/Grantchester,1,0.0,0.0,0.000169,0.034462,0.011125,1.0,2914.342512,0.4
http://dbpedia.org/resource/C._S._Forester,http://dbpedia.org/ontology/birthPlace,http://dbpedia.org/resource/Cairo,1,0.001075,0.348404,0.000114,0.045356,0.317625,1.0,4181.19376,0.21
http://dbpedia.org/resource/Emma_Goldman,http://dbpedia.org/ontology/deathPlace,http://dbpedia.org/resource/Toronto,1,0.000113,0.110131,3.6e-05,0.04189,1.332375,1.0,7992.352738,0.18
http://dbpedia.org/resource/Abd_al-Rahman_I,http://dbpedia.org/ontology/birthPlace,http://dbpedia.org/resource/Damascus,1,0.0,0.0,3.1e-05,0.050632,0.0,1.0,-12.01276,0.66
http://dbpedia.org/resource/Augustus_II_the_Strong,http://dbpedia.org/ontology/deathPlace,http://dbpedia.org/resource/Warsaw,1,0.0,0.0,0.00017,0.077942,0.0015,0.0,252.210959,0.41
http://dbpedia.org/resource/Augustus_II_the_Strong,http://dbpedia.org/ontology/birthPlace,http://dbpedia.org/resource/Dresden,1,0.0,0.0,8.5e-05,0.089231,0.000875,1.0,294.820211,0.48
http://dbpedia.org/resource/Hawley_Harvey_Crippen,http://dbpedia.org/ontology/deathPlace,http://dbpedia.org/resource/London,1,8.8e-05,0.196315,0.000377,0.068394,4.3265,1.0,2658.249021,0.17
http://dbpedia.org/resource/J._R._R._Tolkien,http://dbpedia.org/ontology/deathPlace,http://dbpedia.org/resource/Bournemouth,1,0.005199,0.849342,0.000139,0.112085,0.098875,1.0,7205.996637,0.17
http://dbpedia.org/resource/Abbas_II_of_Egypt,http://dbpedia.org/ontology/birthPlace,http://dbpedia.org/resource/Alexandria,1,0.0,0.0,0.000271,0.047468,0.002625,1.0,421.423598,0.4
http://dbpedia.org/resource/John_von_Neumann,http://dbpedia.org/ontology/birthPlace,http://dbpedia.org/resource/Budapest,1,0.001872,1.890915,0.000119,0.098703,0.93,1.0,4162.407144,0.2
http://dbpedia.org/resource/Joris_Ivens,http://dbpedia.org/ontology/birthPlace,http://dbpedia.org/resource/Nijmegen,1,0.003906,0.105761,0.000184,0.034252,0.0755,1.0,48075.214562,0.22
http://dbpedia.org/resource/Benoit_Mandelbrot,http://dbpedia.org/ontology/birthPlace,http://dbpedia.org/resource/Warsaw,1,0.0,0.0,7e-05,0.04308,0.000875,1.0,245.737563,0.48
http://dbpedia.org/resource/J._R._R._Tolkien,http://dbpedia.org/ontology/birthPlace,http://dbpedia.org/resource/Bloemfontein,1,0.002342,0.222232,4.6e-05,0.049128,0.073375,1.0,8441.21223,0.21
http://dbpedia.org/resource/Anton_Chekhov,http://dbpedia.org/ontology/birthPlace,http://dbpedia.org/resource/Taganrog,1,0.009494,1.590353,0.001073,0.195843,0.05775,1.0,4067.554178,0.2
http://dbpedia.org/resource/Aaliyah,http://dbpedia.org/ontology/deathPlace,http://dbpedia.org/resource/Marsh_Harbour,1,0.032258,0.5092,0.001485,0.095992,0.019,1.0,7915.943901,0.17
http://dbpedia.org/resource/Ivan_Bunin,http://dbpedia.org/ontology/deathPlace,http://dbpedia.org/resource/Paris,1,0.000198,0.199036,0.000502,0.041606,2.66625,1.0,3322.896622,0.17
http://dbpedia.org/resource/Alexander_Kerensky,http://dbpedia.org/ontology/birthPlace,http://dbpedia.org/resource/Ulyanovsk,1,0.008264,0.352956,0.000333,0.094572,0.025375,1.0,4058.587262,0.21
http://dbpedia.org/resource/Ernst_Mayr,http://dbpedia.org/ontology/birthPlace,http://dbpedia.org/resource/Kempten,1,0.0,0.0,9.3e-05,0.030608,0.008375,1.0,1568.478536,0.4
http://dbpedia.org/resource/Austen_Henry_Layard,http://dbpedia.org/ontology/deathPlace,http://dbpedia.org/resource/London,1,0.000131,0.712288,0.000478,0.078423,0.06475,1.0,4371.901115,0.17
http://dbpedia.org/resource/Douglas_Adams,http://dbpedia.org/ontology/deathPlace,"http://dbpedia.org/resource/Santa_Barbara,_California",1,0.0,0.0,2.7e-05,0.057783,0.0035,1.0,453.318062,0.38
http://dbpedia.org/resource/James_Wilkinson,http://dbpedia.org/ontology/birthPlace,"http://dbpedia.org/resource/Benedict,_Maryland",1,0.032258,0.220624,0.00211,0.061053,0.002875,1.0,65.662996,0.23
http://dbpedia.org/resource/Arthur_de_Gobineau,http://dbpedia.org/ontology/birthPlace,http://dbpedia.org/resource/Ville-d'Avray,1,0.0,0.0,0.00106,0.057444,0.004875,1.0,880.87786,0.4
"http://dbpedia.org/resource/Francis_II,_Holy_Roman_Emperor",http://dbpedia.org/ontology/birthPlace,http://dbpedia.org/resource/Florence,1,0.0,0.0,3.3e-05,0.053135,0.000375,1.0,75.799053,0.47
http://dbpedia.org/resource/John_A._Roebling,http://dbpedia.org/ontology/birthPlace,http://dbpedia.org/resource/Mühlhausen,1,0.0,0.0,0.000108,0.048281,0.006,1.0,1331.087317,0.4
http://dbpedia.org/resource/Cornelius_Johnson_(artist),http://dbpedia.org/ontology/deathPlace,http://dbpedia.org/resource/Utrecht,1,0.001623,0.105761,0.000419,0.035725,0.153,0.0,4202.850869,0.19
http://dbpedia.org/resource/John_A._Macdonald,http://dbpedia.org/ontology/deathPlace,http://dbpedia.org/resource/Ottawa,1,0.001453,0.841355,0.000484,0.136882,0.842,1.0,4381.721602,0.17
http://dbpedia.org/resource/John_A._Roebling,http://dbpedia.org/ontology/deathPlace,http://dbpedia.org/resource/New_York_City,1,8.3e-05,0.459818,0.0004,0.051107,3.539625,1.0,2522.56036,0.17
http://dbpedia.org/resource/James_Wilkinson,http://dbpedia.org/ontology/deathPlace,http://dbpedia.org/resource/Mexico_City,1,0.000673,0.700454,0.000105,0.144137,1.416125,1.0,3684.491273,0.17
http://dbpedia.org/resource/Arthur_de_Gobineau,http://dbpedia.org/ontology/deathPlace,http://dbpedia.org/resource/Turin,1,0.001561,0.266214,0.000151,0.04225,0.247875,1.0,4256.723654,0.17
http://dbpedia.org/resource/Frédéric_Bastiat,http://dbpedia.org/ontology/deathPlace,http://dbpedia.org/resource/Rome,1,0.000316,0.261189,0.000111,0.036329,1.2525,1.0,9741.325251,0.17
http://dbpedia.org/resource/Adelaide_of_Italy,http://dbpedia.org/ontology/birthPlace,http://dbpedia.org/resource/Orbe,1,0.0,0.0,0.00059,0.017348,0.004625,1.0,872.429811,0.4
"http://dbpedia.org/resource/Albert_VII,_Archduke_of_Austria",http://dbpedia.org/ontology/birthPlace,http://dbpedia.org/resource/Wiener_Neustadt,1,0.0,0.0,3.2e-05,0.042907,0.0,1.0,-14.538223,0.66
http://dbpedia.org/resource/Irenaeus,http://dbpedia.org/ontology/birthPlace,http://dbpedia.org/resource/İzmir,1,0.001799,0.100354,0.000142,0.056701,0.05025,1.0,3550.124245,0.22
http://dbpedia.org/resource/Henry_Moseley,http://dbpedia.org/ontology/birthPlace,"http://dbpedia.org/resource/Weymouth,_Dorset",1,0.008264,0.141226,0.000293,0.051149,0.02925,1.0,4694.308851,0.22
http://dbpedia.org/resource/Eduard_von_Böhm-Ermolli,http://dbpedia.org/ontology/birthPlace,http://dbpedia.org/resource/Ancona,1,0.0,0.0,3.5e-05,0.035055,0.000375,1.0,31.811331,0.47
http://dbpedia.org/resource/Henry_I_of_England,http://dbpedia.org/ontology/deathPlace,http://dbpedia.org/resource/Lyons-la-Forêt,1,0.0,0.0,0.000767,0.032816,0.0,0.0,-18.354889,0.47
http://dbpedia.org/resource/Irenaeus,http://dbpedia.org/ontology/deathPlace,http://dbpedia.org/resource/Lyon,1,0.001873,0.648658,0.001252,0.092601,0.090875,0.0,4319.640951,0.18
http://dbpedia.org/resource/F._F._E._Yeo-Thomas,http://dbpedia.org/ontology/deathPlace,http://dbpedia.org/resource/Paris,1,0.0,0.0,7.9e-05,0.037803,0.02775,0.0,3289.969428,0.38
http://dbpedia.org/resource/Eugene_Wigner,http://dbpedia.org/ontology/deathPlace,"http://dbpedia.org/resource/Princeton,_New_Jersey",1,0.0,0.0,0.00019,0.065928,0.07525,1.0,4175.967395,0.36
http://dbpedia.org/resource/Anton_Chekhov,http://dbpedia.org/ontology/deathPlace,http://dbpedia.org/resource/Badenweiler,1,0.0,0.0,0.000127,0.048992,0.01875,1.0,3316.483914,0.36
"http://dbpedia.org/resource/Diana,_Princess_of_Wales",http://dbpedia.org/ontology/deathPlace,http://dbpedia.org/resource/Paris,1,9.9e-05,0.352956,0.000166,0.0513,0.002625,0.0,27.665736,0.2
http://dbpedia.org/resource/Abd_al-Rahman_I,http://dbpedia.org/ontology/deathPlace,"http://dbpedia.org/resource/Córdoba,_Spain",1,0.0,0.0,7.2e-05,0.043868,0.0,0.0,-13.685083,0.47
http://dbpedia.org/resource/Frank_Capra,http://dbpedia.org/ontology/birthPlace,http://dbpedia.org/resource/Bisacquino,1,0.0,0.0,1.1e-05,0.036751,0.0,1.0,-15.769936,0.66
"http://dbpedia.org/resource/Albert_VII,_Archduke_of_Austria",http://dbpedia.org/ontology/deathPlace,http://dbpedia.org/resource/Brussels,1,0.0,0.0,0.00017,0.070726,0.00025,0.0,34.054267,0.43
http://dbpedia.org/resource/Catherine_of_Aragon,http://dbpedia.org/ontology/deathPlace,http://dbpedia.org/resource/Huntingdonshire,1,0.0,0.0,6.1e-05,0.034582,0.0,0.0,-14.609771,0.47
http://dbpedia.org/resource/C._S._Forester,http://dbpedia.org/ontology/deathPlace,"http://dbpedia.org/resource/Fullerton,_California",1,0.0,0.0,4.8e-05,0.031849,0.028875,1.0,4267.627345,0.36
http://dbpedia.org/resource/John_von_Neumann,http://dbpedia.org/ontology/deathPlace,"http://dbpedia.org/resource/Washington,_D.C.",1,0.000242,0.195641,5.5e-05,0.069992,1.7905,1.0,1738.451826,0.17
"http://dbpedia.org/resource/Christina,_Queen_of_Sweden",http://dbpedia.org/ontology/deathPlace,http://dbpedia.org/resource/Rome,1,0.0,0.0,2.3e-05,0.039981,0.0,0.0,-9.193523,0.47
http://dbpedia.org/resource/James_Clavell,http://dbpedia.org/ontology/birthPlace,http://dbpedia.org/resource/Sydney,1,0.0,0.0,1.2e-05,0.051408,0.000125,1.0,8.418581,0.5
http://dbpedia.org/resource/Henry_Moseley,http://dbpedia.org/ontology/deathPlace,http://dbpedia.org/resource/Gelibolu,1,0.0,0.0,5.9e-05,0.038365,0.000875,1.0,151.553694,0.41
http://dbpedia.org/resource/George_Frideric_Handel,http://dbpedia.org/ontology/deathPlace,http://dbpedia.org/resource/London,1,8.8e-05,0.196315,0.000176,0.068808,4.32875,1.0,2451.406212,0.17
http://dbpedia.org/resource/Gregory_Bateson,http://dbpedia.org/ontology/deathPlace,http://dbpedia.org/resource/San_Francisco,1,0.000185,0.217147,9.7e-05,0.071441,0.005375,0.0,449.433678,0.2
http://dbpedia.org/resource/Fay_Wray,http://dbpedia.org/ontology/deathPlace,http://dbpedia.org/resource/New_York_City,1,4.2e-05,0.276938,4.8e-05,0.074585,0.009875,0.0,1091.203013,0.2
http://dbpedia.org/resource/Alfred_Hitchcock,http://dbpedia.org/ontology/deathPlace,"http://dbpedia.org/resource/Bel_Air,_Los_Angeles",1,0.015748,0.378093,0.000164,0.071472,0.039625,1.0,7095.931011,0.17
http://dbpedia.org/resource/Frank_Capra,http://dbpedia.org/ontology/deathPlace,"http://dbpedia.org/resource/La_Quinta,_California",1,0.0,0.0,9e-05,0.046122,0.00025,0.0,26.398006,0.43
http://dbpedia.org/resource/Eduard_von_Böhm-Ermolli,http://dbpedia.org/ontology/deathPlace,http://dbpedia.org/resource/Opava,1,0.0,0.0,5.6e-05,0.033388,0.0,0.0,-14.400721,0.47
http://dbpedia.org/resource/James_Clavell,http://dbpedia.org/ontology/deathPlace,http://dbpedia.org/resource/Vevey,1,0.0,0.0,0.000132,0.045192,0.019125,1.0,8409.247979,0.36
http://dbpedia.org/resource/Hawley_Harvey_Crippen,http://dbpedia.org/ontology/birthPlace,"http://dbpedia.org/resource/Coldwater,_Michigan",1,0.0,0.0,0.000132,0.020252,0.010625,1.0,2570.689749,0.4
http://dbpedia.org/resource/John_A._Macdonald,http://dbpedia.org/ontology/birthPlace,http://dbpedia.org/resource/Glasgow,1,0.000433,0.227296,4.3e-05,0.057859,0.837,1.0,3846.392276,0.21
http://dbpedia.org/resource/Bernardo_O'Higgins,http://dbpedia.org/ontology/birthPlace,http://dbpedia.org/resource/Chillán,1,0.015873,0.558111,0.00141,0.139506,0.003875,1.0,252.852652,0.23
http://dbpedia.org/resource/Alexander_Kerensky,http://dbpedia.org/ontology/deathPlace,http://dbpedia.org/resource/New_York_City,1,8.3e-05,0.199565,4.9e-05,0.069474,4.6455,1.0,2419.615756,0.17
http://dbpedia.org/resource/Eugene_Wigner,http://dbpedia.org/ontology/birthPlace,http://dbpedia.org/resource/Budapest,1,0.001206,1.061232,0.000476,0.091269,0.82925,0.0,4107.356831,0.21
http://dbpedia.org/resource/Jean-Jacques_Rousseau,http://dbpedia.org/ontology/deathPlace,http://dbpedia.org/resource/Ermenonville,1,0.0,0.0,0.000559,0.025772,0.02525,1.0,7177.457578,0.36
http://dbpedia.org/resource/Adelaide_of_Italy,http://dbpedia.org/ontology/deathPlace,http://dbpedia.org/resource/Alsace,1,0.0,0.0,0.000245,0.059566,0.0265,1.0,4652.011751,0.36
http://dbpedia.org/resource/Emma_Goldman,http://dbpedia.org/ontology/birthPlace,http://dbpedia.org/resource/Kaunas,1,0.00431,0.396404,0.000126,0.058225,0.079875,1.0,5237.361897,0.21
http://dbpedia.org/resource/Alfred_Hitchcock,http://dbpedia.org/ontology/birthPlace,http://dbpedia.org/resource/London,1,0.000131,1.347941,7.8e-05,0.098428,0.062125,1.0,3006.419576,0.2
http://dbpedia.org/resource/Joe_Strummer,http://dbpedia.org/ontology/deathPlace,"http://dbpedia.org/resource/Broomfield,_Somerset",1,0.0,0.0,0.000216,0.023438,0.0165,1.0,11619.950091,0.37
http://dbpedia.org/resource/F._F._E._Yeo-Thomas,http://dbpedia.org/ontology/birthPlace,http://dbpedia.org/resource/London,1,0.0,0.0,5.6e-05,0.043265,0.007,1.0,779.453742,0.4
"http://dbpedia.org/resource/Christina,_Queen_of_Sweden",http://dbpedia.org/ontology/birthPlace,http://dbpedia.org/resource/Stockholm,1,0.0,0.0,0.000781,0.041565,0.00025,1.0,32.004599,0.51
http://dbpedia.org/resource/Aaliyah,http://dbpedia.org/ontology/birthPlace,http://dbpedia.org/resource/Brooklyn,1,0.00032,0.36669,0.000149,0.063984,0.169,1.0,2194.942356,0.21
"http://dbpedia.org/resource/Diana,_Princess_of_Wales",http://dbpedia.org/ontology/birthPlace,"http://dbpedia.org/resource/Sandringham,_Norfolk",1,0.0,0.0,0.000883,0.066229,0.00175,1.0,451.639573,0.4
http://dbpedia.org/resource/Joseph_Conrad,http://dbpedia.org/ontology/deathPlace,http://dbpedia.org/resource/Bishopsbourne,1,0.025,0.123816,0.001221,0.040681,0.011375,1.0,4530.157762,0.19
http://dbpedia.org/resource/Amerigo_Vespucci,http://dbpedia.org/ontology/deathPlace,http://dbpedia.org/resource/Seville,1,0.0,0.0,0.000117,0.052491,0.108,1.0,4936.979039,0.36
http://dbpedia.org/resource/John_Stuart_Mill,http://dbpedia.org/ontology/birthPlace,http://dbpedia.org/resource/London_Borough_of_Islington,1,0.006623,0.096663,0.000112,0.032715,0.00475,0.0,257.403716,0.26
http://dbpedia.org/resource/Henry_I_of_England,http://dbpedia.org/ontology/birthPlace,http://dbpedia.org/resource/Selby,1,0.0,0.0,0.000194,0.027168,0.00025,1.0,14.894967,0.51
http://dbpedia.org/resource/Benoit_Mandelbrot,http://dbpedia.org/ontology/deathPlace,"http://dbpedia.org/resource/Cambridge,_Massachusetts",1,0.0,0.0,4.9e-05,0.058328,0.001375,0.0,286.631809,0.41
"http://dbpedia.org/resource/Francis_II,_Holy_Roman_Emperor",http://dbpedia.org/ontology/deathPlace,http://dbpedia.org/resource/Vienna,1,0.000513,0.936018,0.000205,0.084214,0.01,0.0,577.917543,0.2
http://dbpedia.org/resource/Amerigo_Vespucci,http://dbpedia.org/ontology/birthPlace,http://dbpedia.org/resource/Florence,1,0.001671,0.348682,0.00028,0.066133,0.246125,1.0,9983.620543,0.21
http://dbpedia.org/resource/Bernardo_O'Higgins,http://dbpedia.org/ontology/deathPlace,http://dbpedia.org/resource/Lima,1,0.001187,0.937034,0.000641,0.115991,0.006875,0.0,423.900918,0.2
http://dbpedia.org/resource/Abbas_II_of_Egypt,http://dbpedia.org/ontology/deathPlace,http://dbpedia.org/resource/Geneva,1,0.0,0.0,1e-05,0.033972,0.00025,0.0,27.565085,0.43
http://dbpedia.org/resource/Catherine_of_Aragon,http://dbpedia.org/ontology/birthPlace,http://dbpedia.org/resource/Alcalá_de_Henares,1,0.0,0.0,4.6e-05,0.021212,0.0,1.0,-15.927615,0.66
http://dbpedia.org/resource/John_Stuart_Mill,http://dbpedia.org/ontology/deathPlace,http://dbpedia.org/resource/Avignon,1,0.003597,0.417032,0.00013,0.0878,0.044875,1.0,5007.339765,0.17
http://dbpedia.org/resource/Douglas_Adams,http://dbpedia.org/ontology/birthPlace,http://dbpedia.org/resource/Cambridge,1,0.000833,0.144453,9.4e-05,0.046231,0.216,1.0,3972.383688,0.22
http://dbpedia.org/resource/John_Peel,http://dbpedia.org/ontology/deathPlace,http://dbpedia.org/resource/Cusco,1,0.0,0.0,0.000145,0.019028,0.016,1.0,3248.942372,0.37
http://dbpedia.org/resource/Joris_Ivens,http://dbpedia.org/ontology/deathPlace,http://dbpedia.org/resource/Paris,1,9.9e-05,0.108488,0.000134,0.070291,1.72075,1.0,7181.379535,0.18
http://dbpedia.org/resource/John_Peel,http://dbpedia.org/ontology/birthPlace,http://dbpedia.org/resource/Heswall,1,0.0,0.0,0.000224,0.028548,0.00475,1.0,1041.634436,0.4
http://dbpedia.org/resource/Alfonso_IV_of_Aragon,http://dbpedia.org/ontology/deathPlace,http://dbpedia.org/resource/Barcelona,1,0.0,0.0,4.3e-05,0.041687,0.0005,0.0,215.889082,0.41
http://dbpedia.org/resource/Ernst_Mayr,http://dbpedia.org/ontology/deathPlace,"http://dbpedia.org/resource/Bedford,_Massachusetts",1,0.0,0.0,7.2e-05,0.027198,0.009125,1.0,1836.033052,0.38
http://dbpedia.org/resource/Cornelius_Johnson_(artist),http://dbpedia.org/ontology/birthPlace,http://dbpedia.org/resource/London,1,4.4e-05,0.096663,7.1e-05,0.038074,0.9155,1.0,2628.549421,0.22
http://dbpedia.org/resource/Fay_Wray,http://dbpedia.org/ontology/birthPlace,http://dbpedia.org/resource/Alberta,1,0.0,0.0,1e-05,0.029597,0.0,1.0,-6.083438,0.66
http://dbpedia.org/resource/Austen_Henry_Layard,http://dbpedia.org/ontology/birthPlace,http://dbpedia.org/resource/Paris,1,9.9e-05,0.213578,4.9e-05,0.045956,0.009625,0.0,1172.874349,0.25
http://dbpedia.org/resource/Frédéric_Bastiat,http://dbpedia.org/ontology/birthPlace,http://dbpedia.org/resource/Bayonne,1,0.005952,0.090548,0.000361,0.035429,0.04,1.0,4868.40778,0.22
http://dbpedia.org/resource/André_Weil,http://dbpedia.org/ontology/birthPlace,http://dbpedia.org/resource/Paris,1,0.000396,0.724973,0.000335,0.057683,1.78925,1.0,21636.490938,0.21
http://dbpedia.org/resource/Joseph_Conrad,http://dbpedia.org/ontology/birthPlace,http://dbpedia.org/resource/Berdychiv,1,0.0,0.0,8.1e-05,0.033604,0.014375,1.0,5309.848388,0.39
http://dbpedia.org/resource/George_Frideric_Handel,http://dbpedia.org/ontology/birthPlace,http://dbpedia.org/resource/Halle_(Saale),1,0.011765,1.530224,0.000935,0.154003,0.044375,1.0,4387.059045,0.2
http://dbpedia.org/resource/Ivan_Bunin,http://dbpedia.org/ontology/birthPlace,http://dbpedia.org/resource/Voronezh,1,0.0,0.0,0.000646,0.040791,0.04,1.0,5141.861749,0.38
http://dbpedia.org/resource/Jean-Jacques_Rousseau,http://dbpedia.org/ontology/birthPlace,http://dbpedia.org/resource/Geneva,1,0.000871,0.144412,5.6e-05,0.0883,0.201875,1.0,6806.472157,0.22
http://dbpedia.org/resource/Carlo_Goldoni,http://dbpedia.org/ontology/birthPlace,http://dbpedia.org/resource/Venice,1,0.003601,1.229857,0.001617,0.106536,0.193125,1.0,8051.248613,0.2
http://dbpedia.org/resource/Joe_Strummer,http://dbpedia.org/ontology/birthPlace,http://dbpedia.org/resource/Ankara,1,0.0,0.0,2.1e-05,0.031353,0.180375,1.0,3700.90718,0.38
http://dbpedia.org/resource/Carlo_Goldoni,http://dbpedia.org/ontology/deathPlace,http://dbpedia.org/resource/Paris,1,9.9e-05,0.108488,0.000104,0.052571,1.709375,1.0,3298.956521,0.18
http://dbpedia.org/resource/Ambrose,http://dbpedia.org/ontology/birthPlace,http://dbpedia.org/resource/Trier,1,0.0,0.0,9.8e-05,0.040201,0.022,1.0,4332.14243,0.38
http://dbpedia.org/resource/Alfonso_IV_of_Aragon,http://dbpedia.org/ontology/birthPlace,http://dbpedia.org/resource/Naples,1,0.0,0.0,0.000247,0.040691,0.0,1.0,-10.431265,0.66
http://dbpedia.org/resource/André_Weil,http://dbpedia.org/ontology/deathPlace,"http://dbpedia.org/resource/Princeton,_New_Jersey",1,0.0,0.0,7.5e-05,0.053076,0.08075,1.0,5512.955874,0.36
http://dbpedia.org/resource/Emma_Goldman,http://dbpedia.org/ontology/deathPlace,http://dbpedia.org/resource/Kaunas,0,0.00431,0.396404,0.000192,0.177504,0.079875,0.0,5237.361897,0.18
http://dbpedia.org/resource/John_A._Roebling,http://dbpedia.org/ontology/deathPlace,http://dbpedia.org/resource/Mühlhausen,0,0.0,0.0,0.000139,0.239683,0.006,0.0,1331.087317,0.4
http://dbpedia.org/resource/James_Clavell,http://dbpedia.org/ontology/deathPlace,http://dbpedia.org/resource/Sydney,0,0.0,0.0,1.1e-05,0.045928,0.000125,0.0,8.418581,0.43
http://dbpedia.org/resource/Ambrose,http://dbpedia.org/ontology/birthPlace,http://dbpedia.org/resource/Milan,0,0.000354,0.125975,0.001608,0.18937,0.4565,0.0,4610.017273,0.23
http://dbpedia.org/resource/Frank_Capra,http://dbpedia.org/ontology/deathPlace,http://dbpedia.org/resource/Bisacquino,0,0.0,0.0,1.5e-05,0.033502,0.0,0.0,-15.769936,0.47
http://dbpedia.org/resource/Alexander_Kerensky,http://dbpedia.org/ontology/deathPlace,http://dbpedia.org/resource/Ulyanovsk,0,0.008264,0.352956,0.00026,0.251584,0.025375,0.0,4058.587262,0.18
http://dbpedia.org/resource/Arthur_de_Gobineau,http://dbpedia.org/ontology/deathPlace,http://dbpedia.org/resource/Ville-d'Avray,0,0.0,0.0,0.000985,0.275296,0.004875,0.0,880.87786,0.4
http://dbpedia.org/resource/Eugene_Wigner,http://dbpedia.org/ontology/deathPlace,http://dbpedia.org/resource/Budapest,0,0.001206,1.061232,0.000556,0.168194,0.82925,1.0,4107.356831,0.17
http://dbpedia.org/resource/George_Frideric_Handel,http://dbpedia.org/ontology/deathPlace,http://dbpedia.org/resource/Halle_(Saale),0,0.011765,1.530224,0.001299,0.255925,0.044375,0.0,4387.059045,0.18
http://dbpedia.org/resource/Douglas_Adams,http://dbpedia.org/ontology/birthPlace,"http://dbpedia.org/resource/Santa_Barbara,_California",0,0.0,0.0,2.8e-05,0.052067,0.0035,0.0,453.318062,0.44
http://dbpedia.org/resource/Catherine_of_Aragon,http://dbpedia.org/ontology/birthPlace,http://dbpedia.org/resource/Huntingdonshire,0,0.0,0.0,6.3e-05,0.034712,0.0,1.0,-14.609771,0.66
http://dbpedia.org/resource/Alfonso_IV_of_Aragon,http://dbpedia.org/ontology/birthPlace,http://dbpedia.org/resource/Barcelona,0,0.0,0.0,5.9e-05,0.038938,0.0005,1.0,215.889082,0.47
http://dbpedia.org/resource/Douglas_Adams,http://dbpedia.org/ontology/deathPlace,http://dbpedia.org/resource/Cambridge,0,0.000833,0.144453,6.3e-05,0.147369,0.216,0.0,3972.383688,0.19
http://dbpedia.org/resource/Joseph_Conrad,http://dbpedia.org/ontology/birthPlace,http://dbpedia.org/resource/Bishopsbourne,0,0.025,0.123816,0.001107,0.336809,0.011375,0.0,4530.157762,0.26
http://dbpedia.org/resource/Alfonso_IV_of_Aragon,http://dbpedia.org/ontology/deathPlace,http://dbpedia.org/resource/Naples,0,0.0,0.0,0.000211,0.037345,0.0,0.0,-10.431265,0.47
http://dbpedia.org/resource/Arthur_de_Gobineau,http://dbpedia.org/ontology/birthPlace,http://dbpedia.org/resource/Turin,0,0.001561,0.266214,0.000157,0.139635,0.247875,0.0,4256.723654,0.22
"http://dbpedia.org/resource/Albert_VII,_Archduke_of_Austria",http://dbpedia.org/ontology/deathPlace,http://dbpedia.org/resource/Wiener_Neustadt,0,0.0,0.0,3.4e-05,0.044525,0.0,0.0,-14.538223,0.47
http://dbpedia.org/resource/Joseph_Conrad,http://dbpedia.org/ontology/deathPlace,http://dbpedia.org/resource/Berdychiv,0,0.0,0.0,7e-05,0.215909,0.014375,0.0,5309.848388,0.39
http://dbpedia.org/resource/Catherine_of_Aragon,http://dbpedia.org/ontology/deathPlace,http://dbpedia.org/resource/Alcalá_de_Henares,0,0.0,0.0,4.2e-05,0.022629,0.0,0.0,-15.927615,0.47
http://dbpedia.org/resource/Joris_Ivens,http://dbpedia.org/ontology/deathPlace,http://dbpedia.org/resource/Nijmegen,0,0.003906,0.105761,0.000186,0.165816,0.0755,0.0,48075.214562,0.19
http://dbpedia.org/resource/Gregory_Bateson,http://dbpedia.org/ontology/deathPlace,http://dbpedia.org/resource/Grantchester,0,0.0,0.0,0.000198,0.282076,0.011125,0.0,2914.342512,0.4
http://dbpedia.org/resource/James_Wilkinson,http://dbpedia.org/ontology/birthPlace,http://dbpedia.org/resource/Mexico_City,0,0.000673,0.700454,0.000117,0.231094,1.416125,0.0,3684.491273,0.22
http://dbpedia.org/resource/Ivan_Bunin,http://dbpedia.org/ontology/deathPlace,http://dbpedia.org/resource/Voronezh,0,0.0,0.0,0.000674,0.17247,0.04,0.0,5141.861749,0.38
http://dbpedia.org/resource/J._R._R._Tolkien,http://dbpedia.org/ontology/deathPlace,http://dbpedia.org/resource/Bloemfontein,0,0.002342,0.222232,5.4e-05,0.174248,0.073375,0.0,8441.21223,0.18
http://dbpedia.org/resource/Gregory_Bateson,http://dbpedia.org/ontology/birthPlace,http://dbpedia.org/resource/San_Francisco,0,0.000185,0.217147,9.2e-05,0.072029,0.005375,1.0,449.433678,0.23
http://dbpedia.org/resource/Jean-Jacques_Rousseau,http://dbpedia.org/ontology/birthPlace,http://dbpedia.org/resource/Ermenonville,0,0.0,0.0,0.000703,0.447949,0.02525,0.0,7177.457578,0.42
http://dbpedia.org/resource/Alfred_Hitchcock,http://dbpedia.org/ontology/birthPlace,"http://dbpedia.org/resource/Bel_Air,_Los_Angeles",0,0.015748,0.378093,0.000162,0.253382,0.039625,0.0,7095.931011,0.22
http://dbpedia.org/resource/F._F._E._Yeo-Thomas,http://dbpedia.org/ontology/deathPlace,http://dbpedia.org/resource/London,0,0.0,0.0,3.6e-05,0.041803,0.007,0.0,779.453742,0.4
http://dbpedia.org/resource/Ernst_Mayr,http://dbpedia.org/ontology/deathPlace,http://dbpedia.org/resource/Kempten,0,0.0,0.0,9.7e-05,0.212503,0.008375,0.0,1568.478536,0.4
http://dbpedia.org/resource/Frank_Capra,http://dbpedia.org/ontology/birthPlace,"http://dbpedia.org/resource/La_Quinta,_California",0,0.0,0.0,8.2e-05,0.043974,0.00025,1.0,26.398006,0.51
http://dbpedia.org/resource/Ivan_Bunin,http://dbpedia.org/ontology/birthPlace,http://dbpedia.org/resource/Paris,0,0.000198,0.199036,0.000397,0.127152,2.66625,0.0,3322.896622,0.22
http://dbpedia.org/resource/Carlo_Goldoni,http://dbpedia.org/ontology/deathPlace,http://dbpedia.org/resource/Venice,0,0.003601,1.229857,0.001458,0.207211,0.193125,0.0,8051.248613,0.18
http://dbpedia.org/resource/Anton_Chekhov,http://dbpedia.org/ontology/birthPlace,http://dbpedia.org/resource/Badenweiler,0,0.0,0.0,0.000143,0.311087,0.01875,0.0,3316.483914,0.42
http://dbpedia.org/resource/Austen_Henry_Layard,http://dbpedia.org/ontology/deathPlace,http://dbpedia.org/resource/Paris,0,9.9e-05,0.213578,6.1e-05,0.046361,0.009625,1.0,1172.874349,0.18
http://dbpedia.org/resource/John_A._Macdonald,http://dbpedia.org/ontology/birthPlace,http://dbpedia.org/resource/Ottawa,0,0.001453,0.841355,0.000433,0.200699,0.842,0.0,4381.721602,0.22
http://dbpedia.org/resource/Joe_Strummer,http://dbpedia.org/ontology/deathPlace,http://dbpedia.org/resource/Ankara,0,0.0,0.0,2.6e-05,0.142522,0.180375,0.0,3700.90718,0.38
"http://dbpedia.org/resource/Albert_VII,_Archduke_of_Austria",http://dbpedia.org/ontology/birthPlace,http://dbpedia.org/resource/Brussels,0,0.0,0.0,0.000135,0.068605,0.00025,1.0,34.054267,0.51
http://dbpedia.org/resource/Anton_Chekhov,http://dbpedia.org/ontology/deathPlace,http://dbpedia.org/resource/Taganrog,0,0.009494,1.590353,0.000977,0.312946,0.05775,0.0,4067.554178,0.18
http://dbpedia.org/resource/Benoit_Mandelbrot,http://dbpedia.org/ontology/deathPlace,http://dbpedia.org/resource/Warsaw,0,0.0,0.0,4.4e-05,0.04571,0.000875,0.0,245.737563,0.43
http://dbpedia.org/resource/George_Frideric_Handel,http://dbpedia.org/ontology/birthPlace,http://dbpedia.org/resource/London,0,8.8e-05,0.196315,0.000138,0.132589,4.32875,0.0,2451.406212,0.22
http://dbpedia.org/resource/Adelaide_of_Italy,http://dbpedia.org/ontology/deathPlace,http://dbpedia.org/resource/Orbe,0,0.0,0.0,0.00055,0.235254,0.004625,0.0,872.429811,0.4
http://dbpedia.org/resource/James_Wilkinson,http://dbpedia.org/ontology/deathPlace,"http://dbpedia.org/resource/Benedict,_Maryland",0,0.032258,0.220624,0.001676,0.056688,0.002875,0.0,65.662996,0.2
http://dbpedia.org/resource/Aaliyah,http://dbpedia.org/ontology/deathPlace,http://dbpedia.org/resource/Brooklyn,0,0.00032,0.36669,0.000128,0.057909,0.169,0.0,2194.942356,0.18
http://dbpedia.org/resource/Hawley_Harvey_Crippen,http://dbpedia.org/ontology/birthPlace,http://dbpedia.org/resource/London,0,8.8e-05,0.196315,0.000397,0.135466,4.3265,0.0,2658.249021,0.22
http://dbpedia.org/resource/Abbas_II_of_Egypt,http://dbpedia.org/ontology/birthPlace,http://dbpedia.org/resource/Geneva,0,0.0,0.0,9e-06,0.031814,0.00025,1.0,27.565085,0.51
http://dbpedia.org/resource/Joris_Ivens,http://dbpedia.org/ontology/birthPlace,http://dbpedia.org/resource/Paris,0,9.9e-05,0.108488,0.000132,0.1422,1.72075,0.0,7181.379535,0.23
http://dbpedia.org/resource/John_A._Roebling,http://dbpedia.org/ontology/birthPlace,http://dbpedia.org/resource/New_York_City,0,8.3e-05,0.459818,0.000402,0.126311,3.539625,0.0,2522.56036,0.22
http://dbpedia.org/resource/John_Stuart_Mill,http://dbpedia.org/ontology/deathPlace,http://dbpedia.org/resource/London_Borough_of_Islington,0,0.006623,0.096663,0.000132,0.031423,0.00475,1.0,257.403716,0.19
http://dbpedia.org/resource/Jean-Jacques_Rousseau,http://dbpedia.org/ontology/deathPlace,http://dbpedia.org/resource/Geneva,0,0.000871,0.144412,6.7e-05,0.166039,0.201875,0.0,6806.472157,0.19
http://dbpedia.org/resource/Cornelius_Johnson_(artist),http://dbpedia.org/ontology/deathPlace,http://dbpedia.org/resource/London,0,4.4e-05,0.096663,0.000118,0.03342,0.9155,0.0,2628.549421,0.19
"http://dbpedia.org/resource/Francis_II,_Holy_Roman_Emperor",http://dbpedia.org/ontology/birthPlace,http://dbpedia.org/resource/Vienna,0,0.000513,0.936018,0.000136,0.076222,0.01,1.0,577.917543,0.23
http://dbpedia.org/resource/Fay_Wray,http://dbpedia.org/ontology/deathPlace,http://dbpedia.org/resource/Alberta,0,0.0,0.0,1.1e-05,0.034875,0.0,0.0,-6.083438,0.47
http://dbpedia.org/resource/Eduard_von_Böhm-Ermolli,http://dbpedia.org/ontology/birthPlace,http://dbpedia.org/resource/Opava,0,0.0,0.0,4.4e-05,0.034124,0.0,1.0,-14.400721,0.66
http://dbpedia.org/resource/Abd_al-Rahman_I,http://dbpedia.org/ontology/birthPlace,"http://dbpedia.org/resource/Córdoba,_Spain",0,0.0,0.0,6.3e-05,0.042981,0.0,1.0,-13.685083,0.66
http://dbpedia.org/resource/Fay_Wray,http://dbpedia.org/ontology/birthPlace,http://dbpedia.org/resource/New_York_City,0,4.2e-05,0.276938,4.7e-05,0.080171,0.009875,1.0,1091.203013,0.23
http://dbpedia.org/resource/John_von_Neumann,http://dbpedia.org/ontology/birthPlace,"http://dbpedia.org/resource/Washington,_D.C.",0,0.000242,0.195641,4.6e-05,0.150672,1.7905,0.0,1738.451826,0.22
http://dbpedia.org/resource/Amerigo_Vespucci,http://dbpedia.org/ontology/birthPlace,http://dbpedia.org/resource/Seville,0,0.0,0.0,0.000147,0.161779,0.108,0.0,4936.979039,0.42
http://dbpedia.org/resource/Henry_Moseley,http://dbpedia.org/ontology/birthPlace,http://dbpedia.org/resource/Gelibolu,0,0.0,0.0,7.6e-05,0.035067,0.000875,0.0,151.553694,0.52
http://dbpedia.org/resource/F._F._E._Yeo-Thomas,http://dbpedia.org/ontology/birthPlace,http://dbpedia.org/resource/Paris,0,0.0,0.0,5.2e-05,0.03561,0.02775,1.0,3289.969428,0.38
http://dbpedia.org/resource/Henry_Moseley,http://dbpedia.org/ontology/deathPlace,"http://dbpedia.org/resource/Weymouth,_Dorset",0,0.008264,0.141226,0.000213,0.200856,0.02925,0.0,4694.308851,0.19
http://dbpedia.org/resource/Abd_al-Rahman_I,http://dbpedia.org/ontology/deathPlace,http://dbpedia.org/resource/Damascus,0,0.0,0.0,3.4e-05,0.053687,0.0,0.0,-12.01276,0.47
http://dbpedia.org/resource/C._S._Forester,http://dbpedia.org/ontology/deathPlace,http://dbpedia.org/resource/Cairo,0,0.001075,0.348404,0.000197,0.143875,0.317625,1.0,4181.19376,0.17
http://dbpedia.org/resource/Hawley_Harvey_Crippen,http://dbpedia.org/ontology/deathPlace,"http://dbpedia.org/resource/Coldwater,_Michigan",0,0.0,0.0,0.000137,0.187611,0.010625,0.0,2570.689749,0.4
http://dbpedia.org/resource/John_Peel,http://dbpedia.org/ontology/birthPlace,http://dbpedia.org/resource/Cusco,0,0.0,0.0,0.000131,0.176005,0.016,0.0,3248.942372,0.43
"http://dbpedia.org/resource/Christina,_Queen_of_Sweden",http://dbpedia.org/ontology/birthPlace,http://dbpedia.org/resource/Rome,0,0.0,0.0,1.9e-05,0.036437,0.0,1.0,-9.193523,0.66
http://dbpedia.org/resource/John_Peel,http://dbpedia.org/ontology/deathPlace,http://dbpedia.org/resource/Heswall,0,0.0,0.0,0.000229,0.243921,0.00475,0.0,1041.634436,0.4
http://dbpedia.org/resource/André_Weil,http://dbpedia.org/ontology/birthPlace,"http://dbpedia.org/resource/Princeton,_New_Jersey",0,0.0,0.0,8.3e-05,0.162808,0.08075,0.0,5512.955874,0.42
http://dbpedia.org/resource/John_von_Neumann,http://dbpedia.org/ontology/deathPlace,http://dbpedia.org/resource/Budapest,0,0.001872,1.890915,0.000134,0.188082,0.93,0.0,4162.407144,0.18
http://dbpedia.org/resource/Eugene_Wigner,http://dbpedia.org/ontology/birthPlace,"http://dbpedia.org/resource/Princeton,_New_Jersey",0,0.0,0.0,0.000143,0.18221,0.07525,0.0,4175.967395,0.42
http://dbpedia.org/resource/Emma_Goldman,http://dbpedia.org/ontology/birthPlace,http://dbpedia.org/resource/Toronto,0,0.000113,0.110131,5.9e-05,0.116027,1.332375,0.0,7992.352738,0.23
http://dbpedia.org/resource/Augustus_II_the_Strong,http://dbpedia.org/ontology/deathPlace,http://dbpedia.org/resource/Dresden,0,0.0,0.0,7.9e-05,0.096133,0.000875,0.0,294.820211,0.43
http://dbpedia.org/resource/Frédéric_Bastiat,http://dbpedia.org/ontology/birthPlace,http://dbpedia.org/resource/Rome,0,0.000316,0.261189,0.000111,0.127503,1.2525,0.0,9741.325251,0.22
"http://dbpedia.org/resource/Francis_II,_Holy_Roman_Emperor",http://dbpedia.org/ontology/deathPlace,http://dbpedia.org/resource/Florence,0,0.0,0.0,3.6e-05,0.051986,0.000375,0.0,75.799053,0.41
http://dbpedia.org/resource/Eduard_von_Böhm-Ermolli,http://dbpedia.org/ontology/deathPlace,http://dbpedia.org/resource/Ancona,0,0.0,0.0,2.8e-05,0.029753,0.000375,0.0,31.811331,0.41
http://dbpedia.org/resource/Austen_Henry_Layard,http://dbpedia.org/ontology/birthPlace,http://dbpedia.org/resource/London,0,0.000131,0.712288,0.000378,0.075522,0.06475,1.0,4371.901115,0.21
http://dbpedia.org/resource/Joe_Strummer,http://dbpedia.org/ontology/birthPlace,"http://dbpedia.org/resource/Broomfield,_Somerset",0,0.0,0.0,0.000204,0.276488,0.0165,0.0,11619.950091,0.43
"http://dbpedia.org/resource/Christina,_Queen_of_Sweden",http://dbpedia.org/ontology/deathPlace,http://dbpedia.org/resource/Stockholm,0,0.0,0.0,0.000961,0.040881,0.00025,0.0,32.004599,0.43
http://dbpedia.org/resource/Irenaeus,http://dbpedia.org/ontology/birthPlace,http://dbpedia.org/resource/Lyon,0,0.001873,0.648658,0.000957,0.09112,0.090875,1.0,4319.640951,0.21
http://dbpedia.org/resource/Cornelius_Johnson_(artist),http://dbpedia.org/ontology/birthPlace,http://dbpedia.org/resource/Utrecht,0,0.001623,0.105761,0.000337,0.154668,0.153,1.0,4202.850869,0.22
http://dbpedia.org/resource/Alfred_Hitchcock,http://dbpedia.org/ontology/deathPlace,http://dbpedia.org/resource/London,0,0.000131,1.347941,0.000118,0.098321,0.062125,0.0,3006.419576,0.18
http://dbpedia.org/resource/Adelaide_of_Italy,http://dbpedia.org/ontology/birthPlace,http://dbpedia.org/resource/Alsace,0,0.0,0.0,0.000201,0.201923,0.0265,0.0,4652.011751,0.42
http://dbpedia.org/resource/Frédéric_Bastiat,http://dbpedia.org/ontology/deathPlace,http://dbpedia.org/resource/Bayonne,0,0.005952,0.090548,0.000398,0.181799,0.04,0.0,4868.40778,0.19
http://dbpedia.org/resource/John_Stuart_Mill,http://dbpedia.org/ontology/birthPlace,http://dbpedia.org/resource/Avignon,0,0.003597,0.417032,0.000228,0.220527,0.044875,0.0,5007.339765,0.22
http://dbpedia.org/resource/Carlo_Goldoni,http://dbpedia.org/ontology/birthPlace,http://dbpedia.org/resource/Paris,0,9.9e-05,0.108488,9.7e-05,0.126575,1.709375,0.0,3298.956521,0.23
http://dbpedia.org/resource/Benoit_Mandelbrot,http://dbpedia.org/ontology/birthPlace,"http://dbpedia.org/resource/Cambridge,_Massachusetts",0,0.0,0.0,5.9e-05,0.05269,0.001375,1.0,286.631809,0.41
http://dbpedia.org/resource/Aaliyah,http://dbpedia.org/ontology/birthPlace,http://dbpedia.org/resource/Marsh_Harbour,0,0.032258,0.5092,0.001291,0.36699,0.019,0.0,7915.943901,0.22
http://dbpedia.org/resource/Henry_I_of_England,http://dbpedia.org/ontology/birthPlace,http://dbpedia.org/resource/Lyons-la-Forêt,0,0.0,0.0,0.000755,0.036512,0.0,1.0,-18.354889,0.66
http://dbpedia.org/resource/James_Clavell,http://dbpedia.org/ontology/birthPlace,http://dbpedia.org/resource/Vevey,0,0.0,0.0,0.000134,0.209789,0.019125,0.0,8409.247979,0.42
http://dbpedia.org/resource/Irenaeus,http://dbpedia.org/ontology/deathPlace,http://dbpedia.org/resource/İzmir,0,0.001799,0.100354,0.000165,0.052463,0.05025,0.0,3550.124245,0.19
http://dbpedia.org/resource/Ernst_Mayr,http://dbpedia.org/ontology/birthPlace,"http://dbpedia.org/resource/Bedford,_Massachusetts",0,0.0,0.0,0.000101,0.208455,0.009125,0.0,1836.033052,0.44
http://dbpedia.org/resource/J._R._R._Tolkien,http://dbpedia.org/ontology/birthPlace,http://dbpedia.org/resource/Bournemouth,0,0.005199,0.849342,7.6e-05,0.222119,0.098875,0.0,7205.996637,0.22
http://dbpedia.org/resource/Henry_I_of_England,http://dbpedia.org/ontology/deathPlace,http://dbpedia.org/resource/Selby,0,0.0,0.0,0.000134,0.027368,0.00025,0.0,14.894967,0.43
http://dbpedia.org/resource/Bernardo_O'Higgins,http://dbpedia.org/ontology/deathPlace,http://dbpedia.org/resource/Chillán,0,0.015873,0.558111,0.00139,0.129044,0.003875,0.0,252.852652,0.2
"http://dbpedia.org/resource/Diana,_Princess_of_Wales",http://dbpedia.org/ontology/birthPlace,http://dbpedia.org/resource/Paris,0,9.9e-05,0.352956,8.7e-05,0.046397,0.002625,1.0,27.665736,0.23
http://dbpedia.org/resource/Amerigo_Vespucci,http://dbpedia.org/ontology/deathPlace,http://dbpedia.org/resource/Florence,0,0.001671,0.348682,0.000287,0.163978,0.246125,0.0,9983.620543,0.18
http://dbpedia.org/resource/C._S._Forester,http://dbpedia.org/ontology/birthPlace,"http://dbpedia.org/resource/Fullerton,_California",0,0.0,0.0,9.7e-05,0.166653,0.028875,0.0,4267.627345,0.42
http://dbpedia.org/resource/Bernardo_O'Higgins,http://dbpedia.org/ontology/birthPlace,http://dbpedia.org/resource/Lima,0,0.001187,0.937034,0.000624,0.106161,0.006875,1.0,423.900918,0.23
http://dbpedia.org/resource/John_A._Macdonald,http://dbpedia.org/ontology/deathPlace,http://dbpedia.org/resource/Glasgow,0,0.000433,0.227296,6.4e-05,0.13761,0.837,0.0,3846.392276,0.18
http://dbpedia.org/resource/Augustus_II_the_Strong,http://dbpedia.org/ontology/birthPlace,http://dbpedia.org/resource/Warsaw,0,0.0,0.0,0.000178,0.076135,0.0015,1.0,252.210959,0.41
http://dbpedia.org/resource/André_Weil,http://dbpedia.org/ontology/deathPlace,http://dbpedia.org/resource/Paris,0,0.000396,0.724973,0.000268,0.133767,1.78925,0.0,21636.490938,0.18
http://dbpedia.org/resource/Abbas_II_of_Egypt,http://dbpedia.org/ontology/deathPlace,http://dbpedia.org/resource/Alexandria,0,0.0,0.0,0.000167,0.049049,0.002625,0.0,421.423598,0.4
http://dbpedia.org/resource/Alexander_Kerensky,http://dbpedia.org/ontology/birthPlace,http://dbpedia.org/resource/New_York_City,0,8.3e-05,0.199565,4.6e-05,0.134222,4.6455,0.0,2419.615756,0.22
"http://dbpedia.org/resource/Diana,_Princess_of_Wales",http://dbpedia.org/ontology/deathPlace,"http://dbpedia.org/resource/Sandringham,_Norfolk",0,0.0,0.0,0.000894,0.064295,0.00175,0.0,451.639573,0.4
