subject,predicate,object,truth,ks,predpath,pra,degree_product,kl_rel,jaccard,ensemble_score
http://dbpedia.org/resource/Gregory_Bateson,http://dbpedia.org/ontology/birthPlace,http://dbpedia.org/resource/Grantchester,1,0.034462,1.0,1.0,650.0,0.059209,0.0,0.08608270151741315
http://dbpedia.org/resource/C._S._Forester,http://dbpedia.org/ontology/birthPlace,http://dbpedia.org/resource/Cairo,1,0.045356,1.0,1.0,54990.0,0.167179,0.001075,0.5896041310227531
http://dbpedia.org/resource/Emma_Goldman,http://dbpedia.org/ontology/deathPlace,http://dbpedia.org/resource/Toronto,1,0.04189,1.0,1.0,298486.0,0.113571,0.000113,0.5699473148782643
http://dbpedia.org/resource/Abd_al-Rahman_I,http://dbpedia.org/ontology/birthPlace,http://dbpedia.org/resource/Damascus,1,0.050632,1.0,0.0,5355.0,0.089922,0.0,0.9935341990181029
http://dbpedia.org/resource/Augustus_II_the_Strong,http://dbpedia.org/ontology/deathPlace,http://dbpedia.org/resource/Warsaw,1,0.077942,0.0,1.0,67914.0,0.136758,0.0,0.6274244244673006
http://dbpedia.org/resource/Augustus_II_the_Strong,http://dbpedia.org/ontology/birthPlace,http://dbpedia.org/resource/Dresden,1,0.089231,1.0,0.0,15290.0,0.17004,0.0,0.9900015223207654
http://dbpedia.org/resource/Hawley_Harvey_Crippen,http://dbpedia.org/ontology/deathPlace,http://dbpedia.org/resource/London,1,0.068394,1.0,1.0,136866.0,0.178592,8.8e-05,0.5896041310227531
http://dbpedia.org/resource/J._R._R._Tolkien,http://dbpedia.org/ontology/deathPlace,http://dbpedia.org/resource/Bournemouth,1,0.112085,1.0,1.0,60691.0,0.309026,0.005199,0.36379909590376636
http://dbpedia.org/resource/Abbas_II_of_Egypt,http://dbpedia.org/ontology/birthPlace,http://dbpedia.org/resource/Alexandria,1,0.047468,1.0,0.0,5688.0,0.111966,0.0,0.991457546197038
http://dbpedia.org/resource/John_von_Neumann,http://dbpedia.org/ontology/birthPlace,http://dbpedia.org/resource/Budapest,1,0.098703,1.0,1.0,611684.0,0.239746,0.001872,0.6772893186261019
http://dbpedia.org/resource/Joris_Ivens,http://dbpedia.org/ontology/birthPlace,http://dbpedia.org/resource/Nijmegen,1,0.034252,1.0,1.0,5800.0,0.082732,0.003906,0.5763970191471404
http://dbpedia.org/resource/Benoit_Mandelbrot,http://dbpedia.org/ontology/birthPlace,http://dbpedia.org/resource/Warsaw,1,0.04308,1.0,0.0,37044.0,0.085827,0.0,0.9935341990181029
http://dbpedia.org/resource/J._R._R._Tolkien,http://dbpedia.org/ontology/birthPlace,http://dbpedia.org/resource/Bloemfontein,1,0.049128,1.0,1.0,39867.0,0.17132,0.002342,0.5896041310227531
http://dbpedia.org/resource/Anton_Chekhov,http://dbpedia.org/ontology/birthPlace,http://dbpedia.org/resource/Taganrog,1,0.195843,1.0,1.0,24790.0,0.257007,0.009494,0.6772893186261019
http://dbpedia.org/resource/Aaliyah,http://dbpedia.org/ontology/deathPlace,http://dbpedia.org/resource/Marsh_Harbour,1,0.095992,1.0,1.0,495.0,0.247445,0.032258,0.6772893186261019
http://dbpedia.org/resource/Ivan_Bunin,http://dbpedia.org/ontology/deathPlace,http://dbpedia.org/resource/Paris,1,0.041606,1.0,1.0,201460.0,0.110485,0.000198,0.5699473148782643
http://dbpedia.org/resource/Alexander_Kerensky,http://dbpedia.org/ontology/birthPlace,http://dbpedia.org/resource/Ulyanovsk,1,0.094572,1.0,1.0,2937.0,0.239784,0.008264,0.6772893186261019
http://dbpedia.org/resource/Ernst_Mayr,http://dbpedia.org/ontology/birthPlace,http://dbpedia.org/resource/Kempten,1,0.030608,1.0,1.0,817.0,0.088773,0.0,0.5699473148782643
http://dbpedia.org/resource/Austen_Henry_Layard,http://dbpedia.org/ontology/deathPlace,http://dbpedia.org/resource/London,1,0.078423,1.0,1.0,342165.0,0.203434,0.000131,0.5896041310227531
http://dbpedia.org/resource/Douglas_Adams,http://dbpedia.org/ontology/deathPlace,"http://dbpedia.org/resource/Santa_Barbara,_California",1,0.057783,1.0,1.0,37250.0,0.133754,0.0,0.6274244244673006
http://dbpedia.org/resource/James_Wilkinson,http://dbpedia.org/ontology/birthPlace,"http://dbpedia.org/resource/Benedict,_Maryland",1,0.061053,1.0,0.0,112.0,0.174993,0.032258,0.9900015223207654
http://dbpedia.org/resource/Arthur_de_Gobineau,http://dbpedia.org/ontology/birthPlace,http://dbpedia.org/resource/Ville-d'Avray,1,0.057444,1.0,1.0,260.0,0.117686,0.0,0.5699473148782643
"http://dbpedia.org/resource/Francis_II,_Holy_Roman_Emperor",http://dbpedia.org/ontology/birthPlace,http://dbpedia.org/resource/Florence,1,0.053135,1.0,0.0,39237.0,0.11799,0.0,0.991457546197038
http://dbpedia.org/resource/John_A._Roebling,http://dbpedia.org/ontology/birthPlace,http://dbpedia.org/resource/Mühlhausen,1,0.048281,1.0,1.0,306.0,0.092498,0.0,0.5699473148782643
http://dbpedia.org/resource/Cornelius_Johnson_(artist),http://dbpedia.org/ontology/deathPlace,http://dbpedia.org/resource/Utrecht,1,0.035725,0.0,1.0,3060.0,0.126003,0.001623,0.6274244244673006
http://dbpedia.org/resource/John_A._Macdonald,http://dbpedia.org/ontology/deathPlace,http://dbpedia.org/resource/Ottawa,1,0.136882,1.0,1.0,180230.0,0.271728,0.001453,0.6772893186261019
http://dbpedia.org/resource/John_A._Roebling,http://dbpedia.org/ontology/deathPlace,http://dbpedia.org/resource/New_York_City,1,0.051107,1.0,1.0,216117.0,0.170672,8.3e-05,0.5896041310227531
http://dbpedia.org/resource/James_Wilkinson,http://dbpedia.org/ontology/deathPlace,http://dbpedia.org/resource/Mexico_City,1,0.144137,1.0,1.0,124180.0,0.805212,0.000673,0.22272144012630646
http://dbpedia.org/resource/Arthur_de_Gobineau,http://dbpedia.org/ontology/deathPlace,http://dbpedia.org/resource/Turin,1,0.04225,1.0,1.0,16510.0,0.106688,0.001561,0.5699473148782643
http://dbpedia.org/resource/Frédéric_Bastiat,http://dbpedia.org/ontology/deathPlace,http://dbpedia.org/resource/Rome,1,0.036329,1.0,1.0,119757.0,0.121024,0.000316,0.6274244244673006
http://dbpedia.org/resource/Adelaide_of_Italy,http://dbpedia.org/ontology/birthPlace,http://dbpedia.org/resource/Orbe,1,0.017348,1.0,1.0,330.0,0.051812,0.0,0.5657328250073148
"http://dbpedia.org/resource/Albert_VII,_Archduke_of_Austria",http://dbpedia.org/ontology/birthPlace,http://dbpedia.org/resource/Wiener_Neustadt,1,0.042907,1.0,0.0,930.0,0.06023,0.0,0.9957217186929843
http://dbpedia.org/resource/Irenaeus,http://dbpedia.org/ontology/birthPlace,http://dbpedia.org/resource/İzmir,1,0.056701,1.0,0.0,6540.0,0.134135,0.001799,0.991457546197038
http://dbpedia.org/resource/Henry_Moseley,http://dbpedia.org/ontology/birthPlace,"http://dbpedia.org/resource/Weymouth,_Dorset",1,0.051149,1.0,1.0,1605.0,0.122434,0.008264,0.6274244244673006
http://dbpedia.org/resource/Eduard_von_Böhm-Ermolli,http://dbpedia.org/ontology/birthPlace,http://dbpedia.org/resource/Ancona,1,0.035055,1.0,0.0,1573.0,0.053969,0.0,0.96785984719418
http://dbpedia.org/resource/Henry_I_of_England,http://dbpedia.org/ontology/deathPlace,http://dbpedia.org/resource/Lyons-la-Forêt,1,0.032816,0.0,1.0,66.0,0.067186,0.0,0.5763970191471404
http://dbpedia.org/resource/Irenaeus,http://dbpedia.org/ontology/deathPlace,http://dbpedia.org/resource/Lyon,1,0.092601,0.0,1.0,12696.0,0.296957,0.001873,0.36379909590376636
http://dbpedia.org/resource/F._F._E._Yeo-Thomas,http://dbpedia.org/ontology/deathPlace,http://dbpedia.org/resource/Paris,1,0.037803,0.0,1.0,80584.0,0.078266,0.0,0.5763970191471404
http://dbpedia.org/resource/Eugene_Wigner,http://dbpedia.org/ontology/deathPlace,"http://dbpedia.org/resource/Princeton,_New_Jersey",1,0.065928,1.0,1.0,8942.0,0.082176,0.0,0.5763970191471404
http://dbpedia.org/resource/Anton_Chekhov,http://dbpedia.org/ontology/deathPlace,http://dbpedia.org/resource/Badenweiler,1,0.048992,1.0,1.0,1340.0,0.122548,0.0,0.6274244244673006
"http://dbpedia.org/resource/Diana,_Princess_of_Wales",http://dbpedia.org/ontology/deathPlace,http://dbpedia.org/resource/Paris,1,0.0513,0.0,1.0,221606.0,0.133713,9.9e-05,0.6274244244673006
http://dbpedia.org/resource/Abd_al-Rahman_I,http://dbpedia.org/ontology/deathPlace,"http://dbpedia.org/resource/Córdoba,_Spain",1,0.043868,0.0,1.0,1680.0,0.093226,0.0,0.5699473148782643
http://dbpedia.org/resource/Frank_Capra,http://dbpedia.org/ontology/birthPlace,http://dbpedia.org/resource/Bisacquino,1,0.036751,1.0,0.0,396.0,0.057957,0.0,0.9961493212686177
"http://dbpedia.org/resource/Albert_VII,_Archduke_of_Austria",http://dbpedia.org/ontology/deathPlace,http://dbpedia.org/resource/Brussels,1,0.070726,0.0,1.0,29055.0,0.099406,0.0,0.5699473148782643
http://dbpedia.org/resource/Catherine_of_Aragon,http://dbpedia.org/ontology/deathPlace,http://dbpedia.org/resource/Huntingdonshire,1,0.034582,0.0,1.0,885.0,0.061096,0.0,0.6000328327550312
http://dbpedia.org/resource/C._S._Forester,http://dbpedia.org/ontology/deathPlace,"http://dbpedia.org/resource/Fullerton,_California",1,0.031849,1.0,1.0,5790.0,0.056259,0.0,0.39590552826220426
http://dbpedia.org/resource/John_von_Neumann,http://dbpedia.org/ontology/deathPlace,"http://dbpedia.org/resource/Washington,_D.C.",1,0.069992,1.0,1.0,1203684.0,0.108229,0.000242,0.5699473148782643
"http://dbpedia.org/resource/Christina,_Queen_of_Sweden",http://dbpedia.org/ontology/deathPlace,http://dbpedia.org/resource/Rome,1,0.039981,0.0,1.0,37818.0,0.074797,0.0,0.5763970191471404
http://dbpedia.org/resource/James_Clavell,http://dbpedia.org/ontology/birthPlace,http://dbpedia.org/resource/Sydney,1,0.051408,1.0,0.0,126960.0,0.093071,0.0,0.9935341990181029
http://dbpedia.org/resource/Henry_Moseley,http://dbpedia.org/ontology/deathPlace,http://dbpedia.org/resource/Gelibolu,1,0.038365,1.0,1.0,360.0,0.096503,0.0,0.5699473148782643
http://dbpedia.org/resource/George_Frideric_Handel,http://dbpedia.org/ontology/deathPlace,http://dbpedia.org/resource/London,1,0.068808,1.0,1.0,410598.0,0.151825,8.8e-05,0.5896041310227531
http://dbpedia.org/resource/Gregory_Bateson,http://dbpedia.org/ontology/deathPlace,http://dbpedia.org/resource/San_Francisco,1,0.071441,0.0,1.0,267500.0,0.11347,0.000185,0.5699473148782643
http://dbpedia.org/resource/Fay_Wray,http://dbpedia.org/ontology/deathPlace,http://dbpedia.org/resource/New_York_City,1,0.074585,0.0,1.0,1416767.0,0.183026,4.2e-05,0.5896041310227531
http://dbpedia.org/resource/Alfred_Hitchcock,http://dbpedia.org/ontology/deathPlace,"http://dbpedia.org/resource/Bel_Air,_Los_Angeles",1,0.071472,1.0,1.0,3458.0,0.188224,0.015748,0.5896041310227531
http://dbpedia.org/resource/Frank_Capra,http://dbpedia.org/ontology/deathPlace,"http://dbpedia.org/resource/La_Quinta,_California",1,0.046122,0.0,1.0,1716.0,0.062664,0.0,0.5763970191471404
http://dbpedia.org/resource/Eduard_von_Böhm-Ermolli,http://dbpedia.org/ontology/deathPlace,http://dbpedia.org/resource/Opava,1,0.033388,0.0,1.0,1023.0,0.06237,0.0,0.5763970191471404
http://dbpedia.org/resource/James_Clavell,http://dbpedia.org/ontology/deathPlace,http://dbpedia.org/resource/Vevey,1,0.045192,1.0,1.0,1748.0,0.108607,0.0,0.5699473148782643
http://dbpedia.org/resource/Hawley_Harvey_Crippen,http://dbpedia.org/ontology/birthPlace,"http://dbpedia.org/resource/Coldwater,_Michigan",1,0.020252,1.0,1.0,396.0,0.051623,0.0,0.5657328250073148
http://dbpedia.org/resource/John_A._Macdonald,http://dbpedia.org/ontology/birthPlace,http://dbpedia.org/resource/Glasgow,1,0.057859,1.0,1.0,305118.0,0.096234,0.000433,0.5699473148782643
http://dbpedia.org/resource/Bernardo_O'Higgins,http://dbpedia.org/ontology/birthPlace,http://dbpedia.org/resource/Chillán,1,0.139506,1.0,0.0,903.0,0.276648,0.015873,0.9931340200791787
http://dbpedia.org/resource/Alexander_Kerensky,http://dbpedia.org/ontology/deathPlace,http://dbpedia.org/resource/New_York_City,1,0.069474,1.0,1.0,792429.0,0.115626,8.3e-05,0.5699473148782643
http://dbpedia.org/resource/Eugene_Wigner,http://dbpedia.org/ontology/birthPlace,http://dbpedia.org/resource/Budapest,1,0.091269,0.0,1.0,70261.0,0.144024,0.001206,0.5896041310227531
http://dbpedia.org/resource/Jean-Jacques_Rousseau,http://dbpedia.org/ontology/deathPlace,http://dbpedia.org/resource/Ermenonville,1,0.025772,1.0,1.0,396.0,0.062313,0.0,0.5763970191471404
http://dbpedia.org/resource/Adelaide_of_Italy,http://dbpedia.org/ontology/deathPlace,http://dbpedia.org/resource/Alsace,1,0.059566,1.0,1.0,2580.0,0.100368,0.0,0.5699473148782643
http://dbpedia.org/resource/Emma_Goldman,http://dbpedia.org/ontology/birthPlace,http://dbpedia.org/resource/Kaunas,1,0.058225,1.0,1.0,14688.0,0.176844,0.00431,0.5896041310227531
http://dbpedia.org/resource/Alfred_Hitchcock,http://dbpedia.org/ontology/birthPlace,http://dbpedia.org/resource/London,1,0.098428,1.0,1.0,2075801.0,0.262172,0.000131,0.6772893186261019
http://dbpedia.org/resource/Joe_Strummer,http://dbpedia.org/ontology/deathPlace,"http://dbpedia.org/resource/Broomfield,_Somerset",1,0.023438,1.0,1.0,804.0,0.054811,0.0,0.5657328250073148
http://dbpedia.org/resource/F._F._E._Yeo-Thomas,http://dbpedia.org/ontology/birthPlace,http://dbpedia.org/resource/London,1,0.043265,1.0,0.0,182488.0,0.076584,0.0,0.993701375289906
"http://dbpedia.org/resource/Christina,_Queen_of_Sweden",http://dbpedia.org/ontology/birthPlace,http://dbpedia.org/resource/Stockholm,1,0.041565,1.0,0.0,25890.0,0.081909,0.0,0.993701375289906
http://dbpedia.org/resource/Aaliyah,http://dbpedia.org/ontology/birthPlace,http://dbpedia.org/resource/Brooklyn,1,0.063984,1.0,0.0,341165.0,0.161808,0.00032,0.9900015223207654
"http://dbpedia.org/resource/Diana,_Princess_of_Wales",http://dbpedia.org/ontology/birthPlace,"http://dbpedia.org/resource/Sandringham,_Norfolk",1,0.066229,1.0,0.0,110.0,0.153577,0.0,0.9900015223207654
http://dbpedia.org/resource/Joseph_Conrad,http://dbpedia.org/ontology/deathPlace,http://dbpedia.org/resource/Bishopsbourne,1,0.040681,1.0,1.0,238.0,0.107905,0.025,0.5699473148782643
http://dbpedia.org/resource/Amerigo_Vespucci,http://dbpedia.org/ontology/deathPlace,http://dbpedia.org/resource/Seville,1,0.052491,1.0,1.0,6780.0,0.12886,0.0,0.6274244244673006
http://dbpedia.org/resource/John_Stuart_Mill,http://dbpedia.org/ontology/birthPlace,http://dbpedia.org/resource/London_Borough_of_Islington,1,0.032715,0.0,0.0,5740.0,0.086752,0.006623,0.9935341990181029
http://dbpedia.org/resource/Henry_I_of_England,http://dbpedia.org/ontology/birthPlace,http://dbpedia.org/resource/Selby,1,0.027168,1.0,0.0,1298.0,0.067449,0.0,0.993701375289906
http://dbpedia.org/resource/Benoit_Mandelbrot,http://dbpedia.org/ontology/deathPlace,"http://dbpedia.org/resource/Cambridge,_Massachusetts",1,0.058328,0.0,1.0,15924.0,0.093996,0.0,0.5699473148782643
"http://dbpedia.org/resource/Francis_II,_Holy_Roman_Emperor",http://dbpedia.org/ontology/deathPlace,http://dbpedia.org/resource/Vienna,1,0.084214,0.0,1.0,127743.0,0.09988,0.000513,0.5699473148782643
http://dbpedia.org/resource/Amerigo_Vespucci,http://dbpedia.org/ontology/birthPlace,http://dbpedia.org/resource/Florence,1,0.066133,1.0,1.0,11890.0,0.162404,0.001671,0.5896041310227531
http://dbpedia.org/resource/Bernardo_O'Higgins,http://dbpedia.org/ontology/deathPlace,http://dbpedia.org/resource/Lima,1,0.115991,0.0,1.0,34986.0,0.303237,0.001187,0.36379909590376636
http://dbpedia.org/resource/Abbas_II_of_Egypt,http://dbpedia.org/ontology/deathPlace,http://dbpedia.org/resource/Geneva,1,0.033972,0.0,1.0,9153.0,0.100491,0.0,0.5699473148782643
http://dbpedia.org/resource/Catherine_of_Aragon,http://dbpedia.org/ontology/birthPlace,http://dbpedia.org/resource/Alcalá_de_Henares,1,0.021212,1.0,0.0,355.0,0.064277,0.0,0.9952851612928316
http://dbpedia.org/resource/John_Stuart_Mill,http://dbpedia.org/ontology/deathPlace,http://dbpedia.org/resource/Avignon,1,0.0878,1.0,1.0,16154.0,0.2539,0.003597,0.6772893186261019
http://dbpedia.org/resource/Douglas_Adams,http://dbpedia.org/ontology/birthPlace,http://dbpedia.org/resource/Cambridge,1,0.046231,1.0,1.0,57550.0,0.123388,0.000833,0.6274244244673006
http://dbpedia.org/resource/John_Peel,http://dbpedia.org/ontology/deathPlace,http://dbpedia.org/resource/Cusco,1,0.019028,1.0,1.0,1313.0,0.047582,0.0,0.2551064643429848
http://dbpedia.org/resource/Joris_Ivens,http://dbpedia.org/ontology/deathPlace,http://dbpedia.org/resource/Paris,1,0.070291,1.0,1.0,251825.0,0.123578,9.9e-05,0.6274244244673006
http://dbpedia.org/resource/John_Peel,http://dbpedia.org/ontology/birthPlace,http://dbpedia.org/resource/Heswall,1,0.028548,1.0,1.0,260.0,0.068836,0.0,0.5763970191471404
http://dbpedia.org/resource/Alfonso_IV_of_Aragon,http://dbpedia.org/ontology/deathPlace,http://dbpedia.org/resource/Barcelona,1,0.041687,0.0,1.0,27450.0,0.127094,0.0,0.6274244244673006
http://dbpedia.org/resource/Ernst_Mayr,http://dbpedia.org/ontology/deathPlace,"http://dbpedia.org/resource/Bedford,_Massachusetts",1,0.027198,1.0,1.0,931.0,0.053314,0.0,0.5657328250073148
http://dbpedia.org/resource/Cornelius_Johnson_(artist),http://dbpedia.org/ontology/birthPlace,http://dbpedia.org/resource/London,1,0.038074,1.0,1.0,114055.0,0.108933,4.4e-05,0.5699473148782643
http://dbpedia.org/resource/Fay_Wray,http://dbpedia.org/ontology/birthPlace,http://dbpedia.org/resource/Alberta,1,0.029597,1.0,0.0,328689.0,0.084947,0.0,0.9944491716050579
http://dbpedia.org/resource/Austen_Henry_Layard,http://dbpedia.org/ontology/birthPlace,http://dbpedia.org/resource/Paris,1,0.045956,0.0,1.0,151095.0,0.166131,9.9e-05,0.5896041310227531
http://dbpedia.org/resource/Frédéric_Bastiat,http://dbpedia.org/ontology/birthPlace,http://dbpedia.org/resource/Bayonne,1,0.035429,1.0,1.0,2850.0,0.082435,0.005952,0.5763970191471404
http://dbpedia.org/resource/André_Weil,http://dbpedia.org/ontology/birthPlace,http://dbpedia.org/resource/Paris,1,0.057683,1.0,1.0,201460.0,0.10989,0.000396,0.5699473148782643
http://dbpedia.org/resource/Joseph_Conrad,http://dbpedia.org/ontology/birthPlace,http://dbpedia.org/resource/Berdychiv,1,0.033604,1.0,1.0,1530.0,0.092104,0.0,0.5699473148782643
http://dbpedia.org/resource/George_Frideric_Handel,http://dbpedia.org/ontology/birthPlace,http://dbpedia.org/resource/Halle_(Saale),1,0.154003,1.0,1.0,4320.0,0.35416,0.011765,0.22272144012630646
http://dbpedia.org/resource/Ivan_Bunin,http://dbpedia.org/ontology/birthPlace,http://dbpedia.org/resource/Voronezh,1,0.040791,1.0,1.0,4360.0,0.092104,0.0,0.5699473148782643
http://dbpedia.org/resource/Jean-Jacques_Rousseau,http://dbpedia.org/ontology/birthPlace,http://dbpedia.org/resource/Geneva,1,0.0883,1.0,1.0,134244.0,0.156517,0.000871,0.5896041310227531
http://dbpedia.org/resource/Carlo_Goldoni,http://dbpedia.org/ontology/birthPlace,http://dbpedia.org/resource/Venice,1,0.106536,1.0,1.0,11508.0,0.332034,0.003601,0.36379909590376636
http://dbpedia.org/resource/Joe_Strummer,http://dbpedia.org/ontology/birthPlace,http://dbpedia.org/resource/Ankara,1,0.031353,1.0,1.0,73097.0,0.066497,0.0,0.5763970191471404
http://dbpedia.org/resource/Carlo_Goldoni,http://dbpedia.org/ontology/deathPlace,http://dbpedia.org/resource/Paris,1,0.052571,1.0,1.0,141022.0,0.121496,9.9e-05,0.6274244244673006
http://dbpedia.org/resource/Ambrose,http://dbpedia.org/ontology/birthPlace,http://dbpedia.org/resource/Trier,1,0.040201,1.0,1.0,3429.0,0.085667,0.0,0.5699473148782643
http://dbpedia.org/resource/Alfonso_IV_of_Aragon,http://dbpedia.org/ontology/birthPlace,http://dbpedia.org/resource/Naples,1,0.040691,1.0,0.0,16030.0,0.086699,0.0,0.9935341990181029
http://dbpedia.org/resource/André_Weil,http://dbpedia.org/ontology/deathPlace,"http://dbpedia.org/resource/Princeton,_New_Jersey",1,0.053076,1.0,1.0,10520.0,0.087028,0.0,0.5699473148782643
http://dbpedia.org/resource/Emma_Goldman,http://dbpedia.org/ontology/deathPlace,http://dbpedia.org/resource/Kaunas,0,0.177504,0.0,0.0,14688.0,0.893574,0.00431,0.9931340200791787
http://dbpedia.org/resource/John_A._Roebling,http://dbpedia.org/ontology/deathPlace,http://dbpedia.org/resource/Mühlhausen,0,0.239683,0.0,0.0,306.0,0.893574,0.0,0.9931340200791787
http://dbpedia.org/resource/James_Clavell,http://dbpedia.org/ontology/deathPlace,http://dbpedia.org/resource/Sydney,0,0.045928,0.0,1.0,126960.0,0.104019,0.0,0.5699473148782643
http://dbpedia.org/resource/Ambrose,http://dbpedia.org/ontology/birthPlace,http://dbpedia.org/resource/Milan,0,0.18937,0.0,0.0,75654.0,0.893574,0.000354,0.9931340200791787
http://dbpedia.org/resource/Frank_Capra,http://dbpedia.org/ontology/deathPlace,http://dbpedia.org/resource/Bisacquino,0,0.033502,0.0,1.0,396.0,0.054012,0.0,0.5657328250073148
http://dbpedia.org/resource/Alexander_Kerensky,http://dbpedia.org/ontology/deathPlace,http://dbpedia.org/resource/Ulyanovsk,0,0.251584,0.0,0.0,2937.0,0.893574,0.008264,0.9931340200791787
http://dbpedia.org/resource/Arthur_de_Gobineau,http://dbpedia.org/ontology/deathPlace,http://dbpedia.org/resource/Ville-d'Avray,0,0.275296,0.0,0.0,260.0,0.893574,0.0,0.9931340200791787
http://dbpedia.org/resource/Eugene_Wigner,http://dbpedia.org/ontology/deathPlace,http://dbpedia.org/resource/Budapest,0,0.168194,1.0,0.0,70261.0,0.893574,0.001206,0.9931340200791787
http://dbpedia.org/resource/George_Frideric_Handel,http://dbpedia.org/ontology/deathPlace,http://dbpedia.org/resource/Halle_(Saale),0,0.255925,0.0,0.0,4320.0,0.893574,0.011765,0.9931340200791787
http://dbpedia.org/resource/Douglas_Adams,http://dbpedia.org/ontology/birthPlace,"http://dbpedia.org/resource/Santa_Barbara,_California",0,0.052067,0.0,0.0,37250.0,0.129734,0.0,0.991457546197038
http://dbpedia.org/resource/Catherine_of_Aragon,http://dbpedia.org/ontology/birthPlace,http://dbpedia.org/resource/Huntingdonshire,0,0.034712,1.0,0.0,885.0,0.060499,0.0,0.9957217186929843
http://dbpedia.org/resource/Alfonso_IV_of_Aragon,http://dbpedia.org/ontology/birthPlace,http://dbpedia.org/resource/Barcelona,0,0.038938,1.0,0.0,27450.0,0.121093,0.0,0.991457546197038
http://dbpedia.org/resource/Douglas_Adams,http://dbpedia.org/ontology/deathPlace,http://dbpedia.org/resource/Cambridge,0,0.147369,0.0,0.0,57550.0,0.893574,0.000833,0.9931340200791787
http://dbpedia.org/resource/Joseph_Conrad,http://dbpedia.org/ontology/birthPlace,http://dbpedia.org/resource/Bishopsbourne,0,0.336809,0.0,0.0,238.0,0.893574,0.025,0.9931340200791787
http://dbpedia.org/resource/Alfonso_IV_of_Aragon,http://dbpedia.org/ontology/deathPlace,http://dbpedia.org/resource/Naples,0,0.037345,0.0,1.0,16030.0,0.092856,0.0,0.5699473148782643
http://dbpedia.org/resource/Arthur_de_Gobineau,http://dbpedia.org/ontology/birthPlace,http://dbpedia.org/resource/Turin,0,0.139635,0.0,0.0,16510.0,0.893574,0.001561,0.9931340200791787
"http://dbpedia.org/resource/Albert_VII,_Archduke_of_Austria",http://dbpedia.org/ontology/deathPlace,http://dbpedia.org/resource/Wiener_Neustadt,0,0.044525,0.0,1.0,930.0,0.064142,0.0,0.5763970191471404
http://dbpedia.org/resource/Joseph_Conrad,http://dbpedia.org/ontology/deathPlace,http://dbpedia.org/resource/Berdychiv,0,0.215909,0.0,0.0,1530.0,0.893574,0.0,0.9931340200791787
http://dbpedia.org/resource/Catherine_of_Aragon,http://dbpedia.org/ontology/deathPlace,http://dbpedia.org/resource/Alcalá_de_Henares,0,0.022629,0.0,1.0,355.0,0.069074,0.0,0.5763970191471404
http://dbpedia.org/resource/Joris_Ivens,http://dbpedia.org/ontology/deathPlace,http://dbpedia.org/resource/Nijmegen,0,0.165816,0.0,0.0,5800.0,0.893574,0.003906,0.9931340200791787
http://dbpedia.org/resource/Gregory_Bateson,http://dbpedia.org/ontology/deathPlace,http://dbpedia.org/resource/Grantchester,0,0.282076,0.0,0.0,650.0,0.893574,0.0,0.9931340200791787
http://dbpedia.org/resource/James_Wilkinson,http://dbpedia.org/ontology/birthPlace,http://dbpedia.org/resource/Mexico_City,0,0.231094,0.0,0.0,124180.0,0.893574,0.000673,0.9931340200791787
http://dbpedia.org/resource/Ivan_Bunin,http://dbpedia.org/ontology/deathPlace,http://dbpedia.org/resource/Voronezh,0,0.17247,0.0,0.0,4360.0,0.893574,0.0,0.9931340200791787
http://dbpedia.org/resource/J._R._R._Tolkien,http://dbpedia.org/ontology/deathPlace,http://dbpedia.org/resource/Bloemfontein,0,0.174248,0.0,0.0,39867.0,0.893574,0.002342,0.9931340200791787
http://dbpedia.org/resource/Gregory_Bateson,http://dbpedia.org/ontology/birthPlace,http://dbpedia.org/resource/San_Francisco,0,0.072029,1.0,0.0,267500.0,0.113513,0.000185,0.991457546197038
http://dbpedia.org/resource/Jean-Jacques_Rousseau,http://dbpedia.org/ontology/birthPlace,http://dbpedia.org/resource/Ermenonville,0,0.447949,0.0,0.0,396.0,0.893574,0.0,0.9931340200791787
http://dbpedia.org/resource/Alfred_Hitchcock,http://dbpedia.org/ontology/birthPlace,"http://dbpedia.org/resource/Bel_Air,_Los_Angeles",0,0.253382,0.0,0.0,3458.0,0.893574,0.015748,0.9931340200791787
http://dbpedia.org/resource/F._F._E._Yeo-Thomas,http://dbpedia.org/ontology/deathPlace,http://dbpedia.org/resource/London,0,0.041803,0.0,1.0,182488.0,0.081084,0.0,0.5763970191471404
http://dbpedia.org/resource/Ernst_Mayr,http://dbpedia.org/ontology/deathPlace,http://dbpedia.org/resource/Kempten,0,0.212503,0.0,0.0,817.0,0.893574,0.0,0.9931340200791787
http://dbpedia.org/resource/Frank_Capra,http://dbpedia.org/ontology/birthPlace,"http://dbpedia.org/resource/La_Quinta,_California",0,0.043974,1.0,0.0,1716.0,0.063945,0.0,0.9952851612928316
http://dbpedia.org/resource/Ivan_Bunin,http://dbpedia.org/ontology/birthPlace,http://dbpedia.org/resource/Paris,0,0.127152,0.0,0.0,201460.0,0.893574,0.000198,0.9931340200791787
http://dbpedia.org/resource/Carlo_Goldoni,http://dbpedia.org/ontology/deathPlace,http://dbpedia.org/resource/Venice,0,0.207211,0.0,0.0,11508.0,0.893574,0.003601,0.9931340200791787
http://dbpedia.org/resource/Anton_Chekhov,http://dbpedia.org/ontology/birthPlace,http://dbpedia.org/resource/Badenweiler,0,0.311087,0.0,0.0,1340.0,0.893574,0.0,0.9931340200791787
http://dbpedia.org/resource/Austen_Henry_Layard,http://dbpedia.org/ontology/deathPlace,http://dbpedia.org/resource/Paris,0,0.046361,1.0,0.0,151095.0,0.146762,9.9e-05,0.9900015223207654
http://dbpedia.org/resource/John_A._Macdonald,http://dbpedia.org/ontology/birthPlace,http://dbpedia.org/resource/Ottawa,0,0.200699,0.0,0.0,180230.0,0.893574,0.001453,0.9931340200791787
http://dbpedia.org/resource/Joe_Strummer,http://dbpedia.org/ontology/deathPlace,http://dbpedia.org/resource/Ankara,0,0.142522,0.0,0.0,73097.0,0.893574,0.0,0.9931340200791787
"http://dbpedia.org/resource/Albert_VII,_Archduke_of_Austria",http://dbpedia.org/ontology/birthPlace,http://dbpedia.org/resource/Brussels,0,0.068605,1.0,0.0,29055.0,0.089123,0.0,0.9935341990181029
http://dbpedia.org/resource/Anton_Chekhov,http://dbpedia.org/ontology/deathPlace,http://dbpedia.org/resource/Taganrog,0,0.312946,0.0,0.0,24790.0,0.893574,0.009494,0.9931340200791787
http://dbpedia.org/resource/Benoit_Mandelbrot,http://dbpedia.org/ontology/deathPlace,http://dbpedia.org/resource/Warsaw,0,0.04571,0.0,1.0,37044.0,0.092955,0.0,0.5699473148782643
http://dbpedia.org/resource/George_Frideric_Handel,http://dbpedia.org/ontology/birthPlace,http://dbpedia.org/resource/London,0,0.132589,0.0,0.0,410598.0,0.893574,8.8e-05,0.9931340200791787
http://dbpedia.org/resource/Adelaide_of_Italy,http://dbpedia.org/ontology/deathPlace,http://dbpedia.org/resource/Orbe,0,0.235254,0.0,0.0,330.0,0.893574,0.0,0.9931340200791787
http://dbpedia.org/resource/James_Wilkinson,http://dbpedia.org/ontology/deathPlace,"http://dbpedia.org/resource/Benedict,_Maryland",0,0.056688,0.0,1.0,112.0,0.156259,0.032258,0.5896041310227531
http://dbpedia.org/resource/Aaliyah,http://dbpedia.org/ontology/deathPlace,http://dbpedia.org/resource/Brooklyn,0,0.057909,0.0,0.0,341165.0,0.161024,0.00032,0.9900015223207654
http://dbpedia.org/resource/Hawley_Harvey_Crippen,http://dbpedia.org/ontology/birthPlace,http://dbpedia.org/resource/London,0,0.135466,0.0,0.0,136866.0,0.893574,8.8e-05,0.9931340200791787
http://dbpedia.org/resource/Abbas_II_of_Egypt,http://dbpedia.org/ontology/birthPlace,http://dbpedia.org/resource/Geneva,0,0.031814,1.0,0.0,9153.0,0.092233,0.0,0.9935341990181029
http://dbpedia.org/resource/Joris_Ivens,http://dbpedia.org/ontology/birthPlace,http://dbpedia.org/resource/Paris,0,0.1422,0.0,0.0,251825.0,0.893574,9.9e-05,0.9931340200791787
http://dbpedia.org/resource/John_A._Roebling,http://dbpedia.org/ontology/birthPlace,http://dbpedia.org/resource/New_York_City,0,0.126311,0.0,0.0,216117.0,0.893574,8.3e-05,0.9931340200791787
http://dbpedia.org/resource/John_Stuart_Mill,http://dbpedia.org/ontology/deathPlace,http://dbpedia.org/resource/London_Borough_of_Islington,0,0.031423,1.0,1.0,5740.0,0.077492,0.006623,0.5763970191471404
http://dbpedia.org/resource/Jean-Jacques_Rousseau,http://dbpedia.org/ontology/deathPlace,http://dbpedia.org/resource/Geneva,0,0.166039,0.0,0.0,134244.0,0.893574,0.000871,0.9931340200791787
http://dbpedia.org/resource/Cornelius_Johnson_(artist),http://dbpedia.org/ontology/deathPlace,http://dbpedia.org/resource/London,0,0.03342,0.0,0.0,114055.0,0.123298,4.4e-05,0.991457546197038
"http://dbpedia.org/resource/Francis_II,_Holy_Roman_Emperor",http://dbpedia.org/ontology/birthPlace,http://dbpedia.org/resource/Vienna,0,0.076222,1.0,0.0,127743.0,0.097074,0.000513,0.9935341990181029
http://dbpedia.org/resource/Fay_Wray,http://dbpedia.org/ontology/deathPlace,http://dbpedia.org/resource/Alberta,0,0.034875,0.0,1.0,328689.0,0.088136,0.0,0.5699473148782643
http://dbpedia.org/resource/Eduard_von_Böhm-Ermolli,http://dbpedia.org/ontology/birthPlace,http://dbpedia.org/resource/Opava,0,0.034124,1.0,0.0,1023.0,0.06653,0.0,0.993701375289906
http://dbpedia.org/resource/Abd_al-Rahman_I,http://dbpedia.org/ontology/birthPlace,"http://dbpedia.org/resource/Córdoba,_Spain",0,0.042981,1.0,0.0,1680.0,0.080343,0.0,0.993701375289906
http://dbpedia.org/resource/Fay_Wray,http://dbpedia.org/ontology/birthPlace,http://dbpedia.org/resource/New_York_City,0,0.080171,1.0,0.0,1416767.0,0.166241,4.2e-05,0.9900015223207654
http://dbpedia.org/resource/John_von_Neumann,http://dbpedia.org/ontology/birthPlace,"http://dbpedia.org/resource/Washington,_D.C.",0,0.150672,0.0,0.0,1203684.0,0.893574,0.000242,0.9931340200791787
http://dbpedia.org/resource/Amerigo_Vespucci,http://dbpedia.org/ontology/birthPlace,http://dbpedia.org/resource/Seville,0,0.161779,0.0,0.0,6780.0,0.893574,0.0,0.9931340200791787
http://dbpedia.org/resource/Henry_Moseley,http://dbpedia.org/ontology/birthPlace,http://dbpedia.org/resource/Gelibolu,0,0.035067,0.0,0.0,360.0,0.090476,0.0,0.9935341990181029
http://dbpedia.org/resource/F._F._E._Yeo-Thomas,http://dbpedia.org/ontology/birthPlace,http://dbpedia.org/resource/Paris,0,0.03561,1.0,0.0,80584.0,0.073804,0.0,0.993701375289906
http://dbpedia.org/resource/Henry_Moseley,http://dbpedia.org/ontology/deathPlace,"http://dbpedia.org/resource/Weymouth,_Dorset",0,0.200856,0.0,0.0,1605.0,0.893574,0.008264,0.9931340200791787
http://dbpedia.org/resource/Abd_al-Rahman_I,http://dbpedia.org/ontology/deathPlace,http://dbpedia.org/resource/Damascus,0,0.053687,0.0,1.0,5355.0,0.097114,0.0,0.5699473148782643
http://dbpedia.org/resource/C._S._Forester,http://dbpedia.org/ontology/deathPlace,http://dbpedia.org/resource/Cairo,0,0.143875,1.0,0.0,54990.0,0.893574,0.001075,0.9931340200791787
http://dbpedia.org/resource/Hawley_Harvey_Crippen,http://dbpedia.org/ontology/deathPlace,"http://dbpedia.org/resource/Coldwater,_Michigan",0,0.187611,0.0,0.0,396.0,0.893574,0.0,0.9931340200791787
http://dbpedia.org/resource/John_Peel,http://dbpedia.org/ontology/birthPlace,http://dbpedia.org/resource/Cusco,0,0.176005,0.0,0.0,1313.0,0.893574,0.0,0.9931340200791787
"http://dbpedia.org/resource/Christina,_Queen_of_Sweden",http://dbpedia.org/ontology/birthPlace,http://dbpedia.org/resource/Rome,0,0.036437,1.0,0.0,37818.0,0.077242,0.0,0.993701375289906
http://dbpedia.org/resource/John_Peel,http://dbpedia.org/ontology/deathPlace,http://dbpedia.org/resource/Heswall,0,0.243921,0.0,0.0,260.0,0.893574,0.0,0.9931340200791787
http://dbpedia.org/resource/André_Weil,http://dbpedia.org/ontology/birthPlace,"http://dbpedia.org/resource/Princeton,_New_Jersey",0,0.162808,0.0,0.0,10520.0,0.893574,0.0,0.9931340200791787
http://dbpedia.org/resource/John_von_Neumann,http://dbpedia.org/ontology/deathPlace,http://dbpedia.org/resource/Budapest,0,0.188082,0.0,0.0,611684.0,0.893574,0.001872,0.9931340200791787
http://dbpedia.org/resource/Eugene_Wigner,http://dbpedia.org/ontology/birthPlace,"http://dbpedia.org/resource/Princeton,_New_Jersey",0,0.18221,0.0,0.0,8942.0,0.893574,0.0,0.9931340200791787
http://dbpedia.org/resource/Emma_Goldman,http://dbpedia.org/ontology/birthPlace,http://dbpedia.org/resource/Toronto,0,0.116027,0.0,0.0,298486.0,0.893574,0.000113,0.9931340200791787
http://dbpedia.org/resource/Augustus_II_the_Strong,http://dbpedia.org/ontology/deathPlace,http://dbpedia.org/resource/Dresden,0,0.096133,0.0,1.0,15290.0,0.192654,0.0,0.5896041310227531
http://dbpedia.org/resource/Frédéric_Bastiat,http://dbpedia.org/ontology/birthPlace,http://dbpedia.org/resource/Rome,0,0.127503,0.0,0.0,119757.0,0.893574,0.000316,0.9931340200791787
"http://dbpedia.org/resource/Francis_II,_Holy_Roman_Emperor",http://dbpedia.org/ontology/deathPlace,http://dbpedia.org/resource/Florence,0,0.051986,0.0,1.0,39237.0,0.128807,0.0,0.6274244244673006
http://dbpedia.org/resource/Eduard_von_Böhm-Ermolli,http://dbpedia.org/ontology/deathPlace,http://dbpedia.org/resource/Ancona,0,0.029753,0.0,1.0,1573.0,0.05291,0.0,0.5657328250073148
http://dbpedia.org/resource/Austen_Henry_Layard,http://dbpedia.org/ontology/birthPlace,http://dbpedia.org/resource/London,0,0.075522,1.0,0.0,342165.0,0.20394,0.000131,0.9900015223207654
http://dbpedia.org/resource/Joe_Strummer,http://dbpedia.org/ontology/birthPlace,"http://dbpedia.org/resource/Broomfield,_Somerset",0,0.276488,0.0,0.0,804.0,0.893574,0.0,0.9931340200791787
"http://dbpedia.org/resource/Christina,_Queen_of_Sweden",http://dbpedia.org/ontology/deathPlace,http://dbpedia.org/resource/Stockholm,0,0.040881,0.0,1.0,25890.0,0.097584,0.0,0.5699473148782643
http://dbpedia.org/resource/Irenaeus,http://dbpedia.org/ontology/birthPlace,http://dbpedia.org/resource/Lyon,0,0.09112,1.0,0.0,12696.0,0.259546,0.001873,0.9931340200791787
http://dbpedia.org/resource/Cornelius_Johnson_(artist),http://dbpedia.org/ontology/birthPlace,http://dbpedia.org/resource/Utrecht,0,0.154668,1.0,0.0,3060.0,0.893574,0.001623,0.9931340200791787
http://dbpedia.org/resource/Alfred_Hitchcock,http://dbpedia.org/ontology/deathPlace,http://dbpedia.org/resource/London,0,0.098321,0.0,0.0,2075801.0,0.27786,0.000131,0.9931340200791787
http://dbpedia.org/resource/Adelaide_of_Italy,http://dbpedia.org/ontology/birthPlace,http://dbpedia.org/resource/Alsace,0,0.201923,0.0,0.0,2580.0,0.893574,0.0,0.9931340200791787
http://dbpedia.org/resource/Frédéric_Bastiat,http://dbpedia.org/ontology/deathPlace,http://dbpedia.org/resource/Bayonne,0,0.181799,0.0,0.0,2850.0,0.893574,0.005952,0.9931340200791787
http://dbpedia.org/resource/John_Stuart_Mill,http://dbpedia.org/ontology/birthPlace,http://dbpedia.org/resource/Avignon,0,0.220527,0.0,0.0,16154.0,0.893574,0.003597,0.9931340200791787
http://dbpedia.org/resource/Carlo_Goldoni,http://dbpedia.org/ontology/birthPlace,http://dbpedia.org/resource/Paris,0,0.126575,0.0,0.0,141022.0,0.893574,9.9e-05,0.9931340200791787
http://dbpedia.org/resource/Benoit_Mandelbrot,http://dbpedia.org/ontology/birthPlace,"http://dbpedia.org/resource/Cambridge,_Massachusetts",0,0.05269,1.0,0.0,15924.0,0.084959,0.0,0.9944491716050579
http://dbpedia.org/resource/Aaliyah,http://dbpedia.org/ontology/birthPlace,http://dbpedia.org/resource/Marsh_Harbour,0,0.36699,0.0,0.0,495.0,0.893574,0.032258,0.9931340200791787
http://dbpedia.org/resource/Henry_I_of_England,http://dbpedia.org/ontology/birthPlace,http://dbpedia.org/resource/Lyons-la-Forêt,0,0.036512,1.0,0.0,66.0,0.072698,0.0,0.993701375289906
http://dbpedia.org/resource/James_Clavell,http://dbpedia.org/ontology/birthPlace,http://dbpedia.org/resource/Vevey,0,0.209789,0.0,0.0,1748.0,0.893574,0.0,0.9931340200791787
http://dbpedia.org/resource/Irenaeus,http://dbpedia.org/ontology/deathPlace,http://dbpedia.org/resource/İzmir,0,0.052463,0.0,1.0,6540.0,0.118086,0.001799,0.5699473148782643
http://dbpedia.org/resource/Ernst_Mayr,http://dbpedia.org/ontology/birthPlace,"http://dbpedia.org/resource/Bedford,_Massachusetts",0,0.208455,0.0,0.0,931.0,0.893574,0.0,0.9931340200791787
http://dbpedia.org/resource/J._R._R._Tolkien,http://dbpedia.org/ontology/birthPlace,http://dbpedia.org/resource/Bournemouth,0,0.222119,0.0,0.0,60691.0,0.893574,0.005199,0.9931340200791787
http://dbpedia.org/resource/Henry_I_of_England,http://dbpedia.org/ontology/deathPlace,http://dbpedia.org/resource/Selby,0,0.027368,0.0,1.0,1298.0,0.071653,0.0,0.5763970191471404
http://dbpedia.org/resource/Bernardo_O'Higgins,http://dbpedia.org/ontology/deathPlace,http://dbpedia.org/resource/Chillán,0,0.129044,0.0,1.0,903.0,0.292667,0.015873,0.36379909590376636
"http://dbpedia.org/resource/Diana,_Princess_of_Wales",http://dbpedia.org/ontology/birthPlace,http://dbpedia.org/resource/Paris,0,0.046397,1.0,0.0,221606.0,0.108899,9.9e-05,0.991457546197038
http://dbpedia.org/resource/Amerigo_Vespucci,http://dbpedia.org/ontology/deathPlace,http://dbpedia.org/resource/Florence,0,0.163978,0.0,0.0,11890.0,0.893574,0.001671,0.9931340200791787
http://dbpedia.org/resource/C._S._Forester,http://dbpedia.org/ontology/birthPlace,"http://dbpedia.org/resource/Fullerton,_California",0,0.166653,0.0,0.0,5790.0,0.893574,0.0,0.9931340200791787
http://dbpedia.org/resource/Bernardo_O'Higgins,http://dbpedia.org/ontology/birthPlace,http://dbpedia.org/resource/Lima,0,0.106161,1.0,0.0,34986.0,0.267824,0.001187,0.9931340200791787
http://dbpedia.org/resource/John_A._Macdonald,http://dbpedia.org/ontology/deathPlace,http://dbpedia.org/resource/Glasgow,0,0.13761,0.0,0.0,305118.0,0.893574,0.000433,0.9931340200791787
http://dbpedia.org/resource/Augustus_II_the_Strong,http://dbpedia.org/ontology/birthPlace,http://dbpedia.org/resource/Warsaw,0,0.076135,1.0,0.0,67914.0,0.119766,0.0,0.991457546197038
http://dbpedia.org/resource/André_Weil,http://dbpedia.org/ontology/deathPlace,http://dbpedia.org/resource/Paris,0,0.133767,0.0,0.0,201460.0,0.893574,0.000396,0.9931340200791787
http://dbpedia.org/resource/Abbas_II_of_Egypt,http://dbpedia.org/ontology/deathPlace,http://dbpedia.org/resource/Alexandria,0,0.049049,0.0,1.0,5688.0,0.123991,0.0,0.6274244244673006
http://dbpedia.org/resource/Alexander_Kerensky,http://dbpedia.org/ontology/birthPlace,http://dbpedia.org/resource/New_York_City,0,0.134222,0.0,0.0,792429.0,0.893574,8.3e-05,0.9931340200791787
"http://dbpedia.org/resource/Diana,_Princess_of_Wales",http://dbpedia.org/ontology/deathPlace,"http://dbpedia.org/resource/Sandringham,_Norfolk",0,0.064295,0.0,1.0,110.0,0.151797,0.0,0.5896041310227531
