subject,predicate,object,truth,jaccard,ks,pra,predpath,adamic_adar,katz,kl_rel,ensemble_score
http://dbpedia.org/resource/Gregory_Bateson,http://dbpedia.org/ontology/birthPlace,http://dbpedia.org/resource/Grantchester,1,0.0,0.034462,1.0,1.0,0.0,0.011125,0.059209,0.9
http://dbpedia.org/resource/C._S._Forester,http://dbpedia.org/ontology/birthPlace,http://dbpedia.org/resource/Cairo,1,0.001075,0.045356,1.0,1.0,0.348404,0.317625,0.167179,0.94
http://dbpedia.org/resource/Emma_Goldman,http://dbpedia.org/ontology/deathPlace,http://dbpedia.org/resource/Toronto,1,0.000113,0.04189,1.0,1.0,0.110131,1.332375,0.113571,0.53
http://dbpedia.org/resource/Abd_al-Rahman_I,http://dbpedia.org/ontology/birthPlace,http://dbpedia.org/resource/Damascus,1,0.0,0.050632,0.0,1.0,0.0,0.0,0.089922,0.8
http://dbpedia.org/resource/Augustus_II_the_Strong,http://dbpedia.org/ontology/deathPlace,http://dbpedia.org/resource/Warsaw,1,0.0,0.077942,1.0,0.0,0.0,0.0015,0.136758,0.8
http://dbpedia.org/resource/Augustus_II_the_Strong,http://dbpedia.org/ontology/birthPlace,http://dbpedia.org/resource/Dresden,1,0.0,0.089231,0.0,1.0,0.0,0.000875,0.17004,0.8
http://dbpedia.org/resource/Hawley_Harvey_Crippen,http://dbpedia.org/ontology/deathPlace,http://dbpedia.org/resource/London,1,8.8e-05,0.068394,1.0,1.0,0.196315,4.3265,0.178592,0.54
http://dbpedia.org/resource/J._R._R._Tolkien,http://dbpedia.org/ontology/deathPlace,http://dbpedia.org/resource/Bournemouth,1,0.005199,0.112085,1.0,1.0,0.849342,0.098875,0.309026,0.99
http://dbpedia.org/resource/Abbas_II_of_Egypt,http://dbpedia.org/ontology/birthPlace,http://dbpedia.org/resource/Alexandria,1,0.0,0.047468,0.0,1.0,0.0,0.002625,0.111966,0.8
http://dbpedia.org/resource/John_von_Neumann,http://dbpedia.org/ontology/birthPlace,http://dbpedia.org/resource/Budapest,1,0.001872,0.098703,1.0,1.0,1.890915,0.93,0.239746,0.72
http://dbpedia.org/resource/Joris_Ivens,http://dbpedia.org/ontology/birthPlace,http://dbpedia.org/resource/Nijmegen,1,0.003906,0.034252,1.0,1.0,0.105761,0.0755,0.082732,0.95
http://dbpedia.org/resource/Benoit_Mandelbrot,http://dbpedia.org/ontology/birthPlace,http://dbpedia.org/resource/Warsaw,1,0.0,0.04308,0.0,1.0,0.0,0.000875,0.085827,0.81
http://dbpedia.org/resource/J._R._R._Tolkien,http://dbpedia.org/ontology/birthPlace,http://dbpedia.org/resource/Bloemfontein,1,0.002342,0.049128,1.0,1.0,0.222232,0.073375,0.17132,0.93
http://dbpedia.org/resource/Anton_Chekhov,http://dbpedia.org/ontology/birthPlace,http://dbpedia.org/resource/Taganrog,1,0.009494,0.195843,1.0,1.0,1.590353,0.05775,0.257007,1.0
http://dbpedia.org/resource/Aaliyah,http://dbpedia.org/ontology/deathPlace,http://dbpedia.org/resource/Marsh_Harbour,1,0.032258,0.095992,1.0,1.0,0.5092,0.019,0.247445,0.92
http://dbpedia.org/resource/Ivan_Bunin,http://dbpedia.org/ontology/deathPlace,http://dbpedia.org/resource/Paris,1,0.000198,0.041606,1.0,1.0,0.199036,2.66625,0.110485,0.54
http://dbpedia.org/resource/Alexander_Kerensky,http://dbpedia.org/ontology/birthPlace,http://dbpedia.org/resource/Ulyanovsk,1,0.008264,0.094572,1.0,1.0,0.352956,0.025375,0.239784,0.94
http://dbpedia.org/resource/Ernst_Mayr,http://dbpedia.org/ontology/birthPlace,http://dbpedia.org/resource/Kempten,1,0.0,0.030608,1.0,1.0,0.0,0.008375,0.088773,0.9
http://dbpedia.org/resource/Austen_Henry_Layard,http://dbpedia.org/ontology/deathPlace,http://dbpedia.org/resource/London,1,0.000131,0.078423,1.0,1.0,0.712288,0.06475,0.203434,0.97
http://dbpedia.org/resource/Douglas_Adams,http://dbpedia.org/ontology/deathPlace,"http://dbpedia.org/resource/Santa_Barbara,_California",1,0.0,0.057783,1.0,1.0,0.0,0.0035,0.133754,0.89
http://dbpedia.org/resource/James_Wilkinson,http://dbpedia.org/ontology/birthPlace,"http://dbpedia.org/resource/Benedict,_Maryland",1,0.032258,0.061053,0.0,1.0,0.220624,0.002875,0.174993,0.84
http://dbpedia.org/resource/Arthur_de_Gobineau,http://dbpedia.org/ontology/birthPlace,http://dbpedia.org/resource/Ville-d'Avray,1,0.0,0.057444,1.0,1.0,0.0,0.004875,0.117686,0.9
"http://dbpedia.org/resource/Francis_II,_Holy_Roman_Emperor",http://dbpedia.org/ontology/birthPlace,http://dbpedia.org/resource/Florence,1,0.0,0.053135,0.0,1.0,0.0,0.000375,0.11799,0.8
http://dbpedia.org/resource/John_A._Roebling,http://dbpedia.org/ontology/birthPlace,http://dbpedia.org/resource/Mühlhausen,1,0.0,0.048281,1.0,1.0,0.0,0.006,0.092498,0.9
http://dbpedia.org/resource/Cornelius_Johnson_(artist),http://dbpedia.org/ontology/deathPlace,http://dbpedia.org/resource/Utrecht,1,0.001623,0.035725,1.0,0.0,0.105761,0.153,0.126003,0.79
http://dbpedia.org/resource/John_A._Macdonald,http://dbpedia.org/ontology/deathPlace,http://dbpedia.org/resource/Ottawa,1,0.001453,0.136882,1.0,1.0,0.841355,0.842,0.271728,0.67
http://dbpedia.org/resource/John_A._Roebling,http://dbpedia.org/ontology/deathPlace,http://dbpedia.org/resource/New_York_City,1,8.3e-05,0.051107,1.0,1.0,0.459818,3.539625,0.170672,0.51
http://dbpedia.org/resource/James_Wilkinson,http://dbpedia.org/ontology/deathPlace,http://dbpedia.org/resource/Mexico_City,1,0.000673,0.144137,1.0,1.0,0.700454,1.416125,0.805212,0.14
http://dbpedia.org/resource/Arthur_de_Gobineau,http://dbpedia.org/ontology/deathPlace,http://dbpedia.org/resource/Turin,1,0.001561,0.04225,1.0,1.0,0.266214,0.247875,0.106688,0.94
http://dbpedia.org/resource/Frédéric_Bastiat,http://dbpedia.org/ontology/deathPlace,http://dbpedia.org/resource/Rome,1,0.000316,0.036329,1.0,1.0,0.261189,1.2525,0.121024,0.46
http://dbpedia.org/resource/Adelaide_of_Italy,http://dbpedia.org/ontology/birthPlace,http://dbpedia.org/resource/Orbe,1,0.0,0.017348,1.0,1.0,0.0,0.004625,0.051812,0.9
"http://dbpedia.org/resource/Albert_VII,_Archduke_of_Austria",http://dbpedia.org/ontology/birthPlace,http://dbpedia.org/resource/Wiener_Neustadt,1,0.0,0.042907,0.0,1.0,0.0,0.0,0.06023,0.81
http://dbpedia.org/resource/Irenaeus,http://dbpedia.org/ontology/birthPlace,http://dbpedia.org/resource/İzmir,1,0.001799,0.056701,0.0,1.0,0.100354,0.05025,0.134135,0.84
http://dbpedia.org/resource/Henry_Moseley,http://dbpedia.org/ontology/birthPlace,"http://dbpedia.org/resource/Weymouth,_Dorset",1,0.008264,0.051149,1.0,1.0,0.141226,0.02925,0.122434,0.95
http://dbpedia.org/resource/Eduard_von_Böhm-Ermolli,http://dbpedia.org/ontology/birthPlace,http://dbpedia.org/resource/Ancona,1,0.0,0.035055,0.0,1.0,0.0,0.000375,0.053969,0.81
http://dbpedia.org/resource/Henry_I_of_England,http://dbpedia.org/ontology/deathPlace,http://dbpedia.org/resource/Lyons-la-Forêt,1,0.0,0.032816,1.0,0.0,0.0,0.0,0.067186,0.8
http://dbpedia.org/resource/Irenaeus,http://dbpedia.org/ontology/deathPlace,http://dbpedia.org/resource/Lyon,1,0.001873,0.092601,1.0,0.0,0.648658,0.090875,0.296957,0.83
http://dbpedia.org/resource/F._F._E._Yeo-Thomas,http://dbpedia.org/ontology/deathPlace,http://dbpedia.org/resource/Paris,1,0.0,0.037803,1.0,0.0,0.0,0.02775,0.078266,0.8
http://dbpedia.org/resource/Eugene_Wigner,http://dbpedia.org/ontology/deathPlace,"http://dbpedia.org/resource/Princeton,_New_Jersey",1,0.0,0.065928,1.0,1.0,0.0,0.07525,0.082176,0.89
http://dbpedia.org/resource/Anton_Chekhov,http://dbpedia.org/ontology/deathPlace,http://dbpedia.org/resource/Badenweiler,1,0.0,0.048992,1.0,1.0,0.0,0.01875,0.122548,0.89
"http://dbpedia.org/resource/Diana,_Princess_of_Wales",http://dbpedia.org/ontology/deathPlace,http://dbpedia.org/resource/Paris,1,9.9e-05,0.0513,1.0,0.0,0.352956,0.002625,0.133713,0.85
http://dbpedia.org/resource/Abd_al-Rahman_I,http://dbpedia.org/ontology/deathPlace,"http://dbpedia.org/resource/Córdoba,_Spain",1,0.0,0.043868,1.0,0.0,0.0,0.0,0.093226,0.8
http://dbpedia.org/resource/Frank_Capra,http://dbpedia.org/ontology/birthPlace,http://dbpedia.org/resource/Bisacquino,1,0.0,0.036751,0.0,1.0,0.0,0.0,0.057957,0.81
"http://dbpedia.org/resource/Albert_VII,_Archduke_of_Austria",http://dbpedia.org/ontology/deathPlace,http://dbpedia.org/resource/Brussels,1,0.0,0.070726,1.0,0.0,0.0,0.00025,0.099406,0.8
http://dbpedia.org/resource/Catherine_of_Aragon,http://dbpedia.org/ontology/deathPlace,http://dbpedia.org/resource/Huntingdonshire,1,0.0,0.034582,1.0,0.0,0.0,0.0,0.061096,0.8
http://dbpedia.org/resource/C._S._Forester,http://dbpedia.org/ontology/deathPlace,"http://dbpedia.org/resource/Fullerton,_California",1,0.0,0.031849,1.0,1.0,0.0,0.028875,0.056259,0.89
http://dbpedia.org/resource/John_von_Neumann,http://dbpedia.org/ontology/deathPlace,"http://dbpedia.org/resource/Washington,_D.C.",1,0.000242,0.069992,1.0,1.0,0.195641,1.7905,0.108229,0.48
"http://dbpedia.org/resource/Christina,_Queen_of_Sweden",http://dbpedia.org/ontology/deathPlace,http://dbpedia.org/resource/Rome,1,0.0,0.039981,1.0,0.0,0.0,0.0,0.074797,0.8
http://dbpedia.org/resource/James_Clavell,http://dbpedia.org/ontology/birthPlace,http://dbpedia.org/resource/Sydney,1,0.0,0.051408,0.0,1.0,0.0,0.000125,0.093071,0.8
http://dbpedia.org/resource/Henry_Moseley,http://dbpedia.org/ontology/deathPlace,http://dbpedia.org/resource/Gelibolu,1,0.0,0.038365,1.0,1.0,0.0,0.000875,0.096503,0.89
http://dbpedia.org/resource/George_Frideric_Handel,http://dbpedia.org/ontology/deathPlace,http://dbpedia.org/resource/London,1,8.8e-05,0.068808,1.0,1.0,0.196315,4.32875,0.151825,0.54
http://dbpedia.org/resource/Gregory_Bateson,http://dbpedia.org/ontology/deathPlace,http://dbpedia.org/resource/San_Francisco,1,0.000185,0.071441,1.0,0.0,0.217147,0.005375,0.11347,0.85
http://dbpedia.org/resource/Fay_Wray,http://dbpedia.org/ontology/deathPlace,http://dbpedia.org/resource/New_York_City,1,4.2e-05,0.074585,1.0,0.0,0.276938,0.009875,0.183026,0.85
http://dbpedia.org/resource/Alfred_Hitchcock,http://dbpedia.org/ontology/deathPlace,"http://dbpedia.org/resource/Bel_Air,_Los_Angeles",1,0.015748,0.071472,1.0,1.0,0.378093,0.039625,0.188224,0.92
http://dbpedia.org/resource/Frank_Capra,http://dbpedia.org/ontology/deathPlace,"http://dbpedia.org/resource/La_Quinta,_California",1,0.0,0.046122,1.0,0.0,0.0,0.00025,0.062664,0.8
http://dbpedia.org/resource/Eduard_von_Böhm-Ermolli,http://dbpedia.org/ontology/deathPlace,http://dbpedia.org/resource/Opava,1,0.0,0.033388,1.0,0.0,0.0,0.0,0.06237,0.8
http://dbpedia.org/resource/James_Clavell,http://dbpedia.org/ontology/deathPlace,http://dbpedia.org/resource/Vevey,1,0.0,0.045192,1.0,1.0,0.0,0.019125,0.108607,0.89
http://dbpedia.org/resource/Hawley_Harvey_Crippen,http://dbpedia.org/ontology/birthPlace,"http://dbpedia.org/resource/Coldwater,_Michigan",1,0.0,0.020252,1.0,1.0,0.0,0.010625,0.051623,0.9
http://dbpedia.org/resource/John_A._Macdonald,http://dbpedia.org/ontology/birthPlace,http://dbpedia.org/resource/Glasgow,1,0.000433,0.057859,1.0,1.0,0.227296,0.837,0.096234,0.49
http://dbpedia.org/resource/Bernardo_O'Higgins,http://dbpedia.org/ontology/birthPlace,http://dbpedia.org/resource/Chillán,1,0.015873,0.139506,0.0,1.0,0.558111,0.003875,0.276648,0.86
http://dbpedia.org/resource/Alexander_Kerensky,http://dbpedia.org/ontology/deathPlace,http://dbpedia.org/resource/New_York_City,1,8.3e-05,0.069474,1.0,1.0,0.199565,4.6455,0.115626,0.55
http://dbpedia.org/resource/Eugene_Wigner,http://dbpedia.org/ontology/birthPlace,http://dbpedia.org/resource/Budapest,1,0.001206,0.091269,1.0,0.0,1.061232,0.82925,0.144024,0.56
http://dbpedia.org/resource/Jean-Jacques_Rousseau,http://dbpedia.org/ontology/deathPlace,http://dbpedia.org/resource/Ermenonville,1,0.0,0.025772,1.0,1.0,0.0,0.02525,0.062313,0.89
http://dbpedia.org/resource/Adelaide_of_Italy,http://dbpedia.org/ontology/deathPlace,http://dbpedia.org/resource/Alsace,1,0.0,0.059566,1.0,1.0,0.0,0.0265,0.100368,0.89
http://dbpedia.org/resource/Emma_Goldman,http://dbpedia.org/ontology/birthPlace,http://dbpedia.org/resource/Kaunas,1,0.00431,0.058225,1.0,1.0,0.396404,0.079875,0.176844,0.94
http://dbpedia.org/resource/Alfred_Hitchcock,http://dbpedia.org/ontology/birthPlace,http://dbpedia.org/resource/London,1,0.000131,0.098428,1.0,1.0,1.347941,0.062125,0.262172,1.0
http://dbpedia.org/resource/Joe_Strummer,http://dbpedia.org/ontology/deathPlace,"http://dbpedia.org/resource/Broomfield,_Somerset",1,0.0,0.023438,1.0,1.0,0.0,0.0165,0.054811,0.89
http://dbpedia.org/resource/F._F._E._Yeo-Thomas,http://dbpedia.org/ontology/birthPlace,http://dbpedia.org/resource/London,1,0.0,0.043265,0.0,1.0,0.0,0.007,0.076584,0.81
"http://dbpedia.org/resource/Christina,_Queen_of_Sweden",http://dbpedia.org/ontology/birthPlace,http://dbpedia.org/resource/Stockholm,1,0.0,0.041565,0.0,1.0,0.0,0.00025,0.081909,0.81
http://dbpedia.org/resource/Aaliyah,http://dbpedia.org/ontology/birthPlace,http://dbpedia.org/resource/Brooklyn,1,0.00032,0.063984,0.0,1.0,0.36669,0.169,0.161808,0.84
"http://dbpedia.org/resource/Diana,_Princess_of_Wales",http://dbpedia.org/ontology/birthPlace,"http://dbpedia.org/resource/Sandringham,_Norfolk",1,0.0,0.066229,0.0,1.0,0.0,0.00175,0.153577,0.8
http://dbpedia.org/resource/Joseph_Conrad,http://dbpedia.org/ontology/deathPlace,http://dbpedia.org/resource/Bishopsbourne,1,0.025,0.040681,1.0,1.0,0.123816,0.011375,0.107905,0.94
http://dbpedia.org/resource/Amerigo_Vespucci,http://dbpedia.org/ontology/deathPlace,http://dbpedia.org/resource/Seville,1,0.0,0.052491,1.0,1.0,0.0,0.108,0.12886,0.89
http://dbpedia.org/resource/John_Stuart_Mill,http://dbpedia.org/ontology/birthPlace,http://dbpedia.org/resource/London_Borough_of_Islington,1,0.006623,0.032715,0.0,0.0,0.096663,0.00475,0.086752,0.73
http://dbpedia.org/resource/Henry_I_of_England,http://dbpedia.org/ontology/birthPlace,http://dbpedia.org/resource/Selby,1,0.0,0.027168,0.0,1.0,0.0,0.00025,0.067449,0.81
http://dbpedia.org/resource/Benoit_Mandelbrot,http://dbpedia.org/ontology/deathPlace,"http://dbpedia.org/resource/Cambridge,_Massachusetts",1,0.0,0.058328,1.0,0.0,0.0,0.001375,0.093996,0.8
"http://dbpedia.org/resource/Francis_II,_Holy_Roman_Emperor",http://dbpedia.org/ontology/deathPlace,http://dbpedia.org/resource/Vienna,1,0.000513,0.084214,1.0,0.0,0.936018,0.01,0.09988,0.89
http://dbpedia.org/resource/Amerigo_Vespucci,http://dbpedia.org/ontology/birthPlace,http://dbpedia.org/resource/Florence,1,0.001671,0.066133,1.0,1.0,0.348682,0.246125,0.162404,0.94
http://dbpedia.org/resource/Bernardo_O'Higgins,http://dbpedia.org/ontology/deathPlace,http://dbpedia.org/resource/Lima,1,0.001187,0.115991,1.0,0.0,0.937034,0.006875,0.303237,0.88
http://dbpedia.org/resource/Abbas_II_of_Egypt,http://dbpedia.org/ontology/deathPlace,http://dbpedia.org/resource/Geneva,1,0.0,0.033972,1.0,0.0,0.0,0.00025,0.100491,0.8
http://dbpedia.org/resource/Catherine_of_Aragon,http://dbpedia.org/ontology/birthPlace,http://dbpedia.org/resource/Alcalá_de_Henares,1,0.0,0.021212,0.0,1.0,0.0,0.0,0.064277,0.81
http://dbpedia.org/resource/John_Stuart_Mill,http://dbpedia.org/ontology/deathPlace,http://dbpedia.org/resource/Avignon,1,0.003597,0.0878,1.0,1.0,0.417032,0.044875,0.2539,0.93
http://dbpedia.org/resource/Douglas_Adams,http://dbpedia.org/ontology/birthPlace,http://dbpedia.org/resource/Cambridge,1,0.000833,0.046231,1.0,1.0,0.144453,0.216,0.123388,0.92
http://dbpedia.org/resource/John_Peel,http://dbpedia.org/ontology/deathPlace,http://dbpedia.org/resource/Cusco,1,0.0,0.019028,1.0,1.0,0.0,0.016,0.047582,0.89
http://dbpedia.org/resource/Joris_Ivens,http://dbpedia.org/ontology/deathPlace,http://dbpedia.org/resource/Paris,1,9.9e-05,0.070291,1.0,1.0,0.108488,1.72075,0.123578,0.51
http://dbpedia.org/resource/John_Peel,http://dbpedia.org/ontology/birthPlace,http://dbpedia.org/resource/Heswall,1,0.0,0.028548,1.0,1.0,0.0,0.00475,0.068836,0.9
http://dbpedia.org/resource/Alfonso_IV_of_Aragon,http://dbpedia.org/ontology/deathPlace,http://dbpedia.org/resource/Barcelona,1,0.0,0.041687,1.0,0.0,0.0,0.0005,0.127094,0.8
http://dbpedia.org/resource/Ernst_Mayr,http://dbpedia.org/ontology/deathPlace,"http://dbpedia.org/resource/Bedford,_Massachusetts",1,0.0,0.027198,1.0,1.0,0.0,0.009125,0.053314,0.89
http://dbpedia.org/resource/Cornelius_Johnson_(artist),http://dbpedia.org/ontology/birthPlace,http://dbpedia.org/resource/London,1,4.4e-05,0.038074,1.0,1.0,0.096663,0.9155,0.108933,0.6
http://dbpedia.org/resource/Fay_Wray,http://dbpedia.org/ontology/birthPlace,http://dbpedia.org/resource/Alberta,1,0.0,0.029597,0.0,1.0,0.0,0.0,0.084947,0.81
http://dbpedia.org/resource/Austen_Henry_Layard,http://dbpedia.org/ontology/birthPlace,http://dbpedia.org/resource/Paris,1,9.9e-05,0.045956,1.0,0.0,0.213578,0.009625,0.166131,0.87
http://dbpedia.org/resource/Frédéric_Bastiat,http://dbpedia.org/ontology/birthPlace,http://dbpedia.org/resource/Bayonne,1,0.005952,0.035429,1.0,1.0,0.090548,0.04,0.082435,0.96
http://dbpedia.org/resource/André_Weil,http://dbpedia.org/ontology/birthPlace,http://dbpedia.org/resource/Paris,1,0.000396,0.057683,1.0,1.0,0.724973,1.78925,0.10989,0.55
http://dbpedia.org/resource/Joseph_Conrad,http://dbpedia.org/ontology/birthPlace,http://dbpedia.org/resource/Berdychiv,1,0.0,0.033604,1.0,1.0,0.0,0.014375,0.092104,0.9
http://dbpedia.org/resource/George_Frideric_Handel,http://dbpedia.org/ontology/birthPlace,http://dbpedia.org/resource/Halle_(Saale),1,0.011765,0.154003,1.0,1.0,1.530224,0.044375,0.35416,1.0
http://dbpedia.org/resource/Ivan_Bunin,http://dbpedia.org/ontology/birthPlace,http://dbpedia.org/resource/Voronezh,1,0.0,0.040791,1.0,1.0,0.0,0.04,0.092104,0.9
http://dbpedia.org/resource/Jean-Jacques_Rousseau,http://dbpedia.org/ontology/birthPlace,http://dbpedia.org/resource/Geneva,1,0.000871,0.0883,1.0,1.0,0.144412,0.201875,0.156517,0.92
http://dbpedia.org/resource/Carlo_Goldoni,http://dbpedia.org/ontology/birthPlace,http://dbpedia.org/resource/Venice,1,0.003601,0.106536,1.0,1.0,1.229857,0.193125,0.332034,1.0
http://dbpedia.org/resource/Joe_Strummer,http://dbpedia.org/ontology/birthPlace,http://dbpedia.org/resource/Ankara,1,0.0,0.031353,1.0,1.0,0.0,0.180375,0.066497,0.9
http://dbpedia.org/resource/Carlo_Goldoni,http://dbpedia.org/ontology/deathPlace,http://dbpedia.org/resource/Paris,1,9.9e-05,0.052571,1.0,1.0,0.108488,1.709375,0.121496,0.51
http://dbpedia.org/resource/Ambrose,http://dbpedia.org/ontology/birthPlace,http://dbpedia.org/resource/Trier,1,0.0,0.040201,1.0,1.0,0.0,0.022,0.085667,0.9
http://dbpedia.org/resource/Alfonso_IV_of_Aragon,http://dbpedia.org/ontology/birthPlace,http://dbpedia.org/resource/Naples,1,0.0,0.040691,0.0,1.0,0.0,0.0,0.086699,0.81
http://dbpedia.org/resource/André_Weil,http://dbpedia.org/ontology/deathPlace,"http://dbpedia.org/resource/Princeton,_New_Jersey",1,0.0,0.053076,1.0,1.0,0.0,0.08075,0.087028,0.89
http://dbpedia.org/resource/Emma_Goldman,http://dbpedia.org/ontology/deathPlace,http://dbpedia.org/resource/Kaunas,0,0.00431,0.177504,0.0,0.0,0.396404,0.079875,0.893574,0.37
http://dbpedia.org/resource/John_A._Roebling,http://dbpedia.org/ontology/deathPlace,http://dbpedia.org/resource/Mühlhausen,0,0.0,0.239683,0.0,0.0,0.0,0.006,0.893574,0.36
http://dbpedia.org/resource/James_Clavell,http://dbpedia.org/ontology/deathPlace,http://dbpedia.org/resource/Sydney,0,0.0,0.045928,1.0,0.0,0.0,0.000125,0.104019,0.8
http://dbpedia.org/resource/Ambrose,http://dbpedia.org/ontology/birthPlace,http://dbpedia.org/resource/Milan,0,0.000354,0.18937,0.0,0.0,0.125975,0.4565,0.893574,0.34
http://dbpedia.org/resource/Frank_Capra,http://dbpedia.org/ontology/deathPlace,http://dbpedia.org/resource/Bisacquino,0,0.0,0.033502,1.0,0.0,0.0,0.0,0.054012,0.8
http://dbpedia.org/resource/Alexander_Kerensky,http://dbpedia.org/ontology/deathPlace,http://dbpedia.org/resource/Ulyanovsk,0,0.008264,0.251584,0.0,0.0,0.352956,0.025375,0.893574,0.34
http://dbpedia.org/resource/Arthur_de_Gobineau,http://dbpedia.org/ontology/deathPlace,http://dbpedia.org/resource/Ville-d'Avray,0,0.0,0.275296,0.0,0.0,0.0,0.004875,0.893574,0.35
http://dbpedia.org/resource/Eugene_Wigner,http://dbpedia.org/ontology/deathPlace,http://dbpedia.org/resource/Budapest,0,0.001206,0.168194,0.0,1.0,1.061232,0.82925,0.893574,0.38
http://dbpedia.org/resource/George_Frideric_Handel,http://dbpedia.org/ontology/deathPlace,http://dbpedia.org/resource/Halle_(Saale),0,0.011765,0.255925,0.0,0.0,1.530224,0.044375,0.893574,0.48
http://dbpedia.org/resource/Douglas_Adams,http://dbpedia.org/ontology/birthPlace,"http://dbpedia.org/resource/Santa_Barbara,_California",0,0.0,0.052067,0.0,0.0,0.0,0.0035,0.129734,0.61
http://dbpedia.org/resource/Catherine_of_Aragon,http://dbpedia.org/ontology/birthPlace,http://dbpedia.org/resource/Huntingdonshire,0,0.0,0.034712,0.0,1.0,0.0,0.0,0.060499,0.81
http://dbpedia.org/resource/Alfonso_IV_of_Aragon,http://dbpedia.org/ontology/birthPlace,http://dbpedia.org/resource/Barcelona,0,0.0,0.038938,0.0,1.0,0.0,0.0005,0.121093,0.81
http://dbpedia.org/resource/Douglas_Adams,http://dbpedia.org/ontology/deathPlace,http://dbpedia.org/resource/Cambridge,0,0.000833,0.147369,0.0,0.0,0.144453,0.216,0.893574,0.41
http://dbpedia.org/resource/Joseph_Conrad,http://dbpedia.org/ontology/birthPlace,http://dbpedia.org/resource/Bishopsbourne,0,0.025,0.336809,0.0,0.0,0.123816,0.011375,0.893574,0.25
http://dbpedia.org/resource/Alfonso_IV_of_Aragon,http://dbpedia.org/ontology/deathPlace,http://dbpedia.org/resource/Naples,0,0.0,0.037345,1.0,0.0,0.0,0.0,0.092856,0.8
http://dbpedia.org/resource/Arthur_de_Gobineau,http://dbpedia.org/ontology/birthPlace,http://dbpedia.org/resource/Turin,0,0.001561,0.139635,0.0,0.0,0.266214,0.247875,0.893574,0.32
"http://dbpedia.org/resource/Albert_VII,_Archduke_of_Austria",http://dbpedia.org/ontology/deathPlace,http://dbpedia.org/resource/Wiener_Neustadt,0,0.0,0.044525,1.0,0.0,0.0,0.0,0.064142,0.8
http://dbpedia.org/resource/Joseph_Conrad,http://dbpedia.org/ontology/deathPlace,http://dbpedia.org/resource/Berdychiv,0,0.0,0.215909,0.0,0.0,0.0,0.014375,0.893574,0.36
http://dbpedia.org/resource/Catherine_of_Aragon,http://dbpedia.org/ontology/deathPlace,http://dbpedia.org/resource/Alcalá_de_Henares,0,0.0,0.022629,1.0,0.0,0.0,0.0,0.069074,0.8
http://dbpedia.org/resource/Joris_Ivens,http://dbpedia.org/ontology/deathPlace,http://dbpedia.org/resource/Nijmegen,0,0.003906,0.165816,0.0,0.0,0.105761,0.0755,0.893574,0.38
http://dbpedia.org/resource/Gregory_Bateson,http://dbpedia.org/ontology/deathPlace,http://dbpedia.org/resource/Grantchester,0,0.0,0.282076,0.0,0.0,0.0,0.011125,0.893574,0.35
http://dbpedia.org/resource/James_Wilkinson,http://dbpedia.org/ontology/birthPlace,http://dbpedia.org/resource/Mexico_City,0,0.000673,0.231094,0.0,0.0,0.700454,1.416125,0.893574,0.21
http://dbpedia.org/resource/Ivan_Bunin,http://dbpedia.org/ontology/deathPlace,http://dbpedia.org/resource/Voronezh,0,0.0,0.17247,0.0,0.0,0.0,0.04,0.893574,0.37
http://dbpedia.org/resource/J._R._R._Tolkien,http://dbpedia.org/ontology/deathPlace,http://dbpedia.org/resource/Bloemfontein,0,0.002342,0.174248,0.0,0.0,0.222232,0.073375,0.893574,0.31
http://dbpedia.org/resource/Gregory_Bateson,http://dbpedia.org/ontology/birthPlace,http://dbpedia.org/resource/San_Francisco,0,0.000185,0.072029,0.0,1.0,0.217147,0.005375,0.113513,0.85
http://dbpedia.org/resource/Jean-Jacques_Rousseau,http://dbpedia.org/ontology/birthPlace,http://dbpedia.org/resource/Ermenonville,0,0.0,0.447949,0.0,0.0,0.0,0.02525,0.893574,0.28
http://dbpedia.org/resource/Alfred_Hitchcock,http://dbpedia.org/ontology/birthPlace,"http://dbpedia.org/resource/Bel_Air,_Los_Angeles",0,0.015748,0.253382,0.0,0.0,0.378093,0.039625,0.893574,0.27
http://dbpedia.org/resource/F._F._E._Yeo-Thomas,http://dbpedia.org/ontology/deathPlace,http://dbpedia.org/resource/London,0,0.0,0.041803,1.0,0.0,0.0,0.007,0.081084,0.8
http://dbpedia.org/resource/Ernst_Mayr,http://dbpedia.org/ontology/deathPlace,http://dbpedia.org/resource/Kempten,0,0.0,0.212503,0.0,0.0,0.0,0.008375,0.893574,0.36
http://dbpedia.org/resource/Frank_Capra,http://dbpedia.org/ontology/birthPlace,"http://dbpedia.org/resource/La_Quinta,_California",0,0.0,0.043974,0.0,1.0,0.0,0.00025,0.063945,0.81
http://dbpedia.org/resource/Ivan_Bunin,http://dbpedia.org/ontology/birthPlace,http://dbpedia.org/resource/Paris,0,0.000198,0.127152,0.0,0.0,0.199036,2.66625,0.893574,0.11
http://dbpedia.org/resource/Carlo_Goldoni,http://dbpedia.org/ontology/deathPlace,http://dbpedia.org/resource/Venice,0,0.003601,0.207211,0.0,0.0,1.229857,0.193125,0.893574,0.51
http://dbpedia.org/resource/Anton_Chekhov,http://dbpedia.org/ontology/birthPlace,http://dbpedia.org/resource/Badenweiler,0,0.0,0.311087,0.0,0.0,0.0,0.01875,0.893574,0.3
http://dbpedia.org/resource/Austen_Henry_Layard,http://dbpedia.org/ontology/deathPlace,http://dbpedia.org/resource/Paris,0,9.9e-05,0.046361,0.0,1.0,0.213578,0.009625,0.146762,0.85
http://dbpedia.org/resource/John_A._Macdonald,http://dbpedia.org/ontology/birthPlace,http://dbpedia.org/resource/Ottawa,0,0.001453,0.200699,0.0,0.0,0.841355,0.842,0.893574,0.31
http://dbpedia.org/resource/Joe_Strummer,http://dbpedia.org/ontology/deathPlace,http://dbpedia.org/resource/Ankara,0,0.0,0.142522,0.0,0.0,0.0,0.180375,0.893574,0.37
"http://dbpedia.org/resource/Albert_VII,_Archduke_of_Austria",http://dbpedia.org/ontology/birthPlace,http://dbpedia.org/resource/Brussels,0,0.0,0.068605,0.0,1.0,0.0,0.00025,0.089123,0.8
http://dbpedia.org/resource/Anton_Chekhov,http://dbpedia.org/ontology/deathPlace,http://dbpedia.org/resource/Taganrog,0,0.009494,0.312946,0.0,0.0,1.590353,0.05775,0.893574,0.48
http://dbpedia.org/resource/Benoit_Mandelbrot,http://dbpedia.org/ontology/deathPlace,http://dbpedia.org/resource/Warsaw,0,0.0,0.04571,1.0,0.0,0.0,0.000875,0.092955,0.8
http://dbpedia.org/resource/George_Frideric_Handel,http://dbpedia.org/ontology/birthPlace,http://dbpedia.org/resource/London,0,8.8e-05,0.132589,0.0,0.0,0.196315,4.32875,0.893574,0.1
http://dbpedia.org/resource/Adelaide_of_Italy,http://dbpedia.org/ontology/deathPlace,http://dbpedia.org/resource/Orbe,0,0.0,0.235254,0.0,0.0,0.0,0.004625,0.893574,0.36
http://dbpedia.org/resource/James_Wilkinson,http://dbpedia.org/ontology/deathPlace,"http://dbpedia.org/resource/Benedict,_Maryland",0,0.032258,0.056688,1.0,0.0,0.220624,0.002875,0.156259,0.82
http://dbpedia.org/resource/Aaliyah,http://dbpedia.org/ontology/deathPlace,http://dbpedia.org/resource/Brooklyn,0,0.00032,0.057909,0.0,0.0,0.36669,0.169,0.161024,0.75
http://dbpedia.org/resource/Hawley_Harvey_Crippen,http://dbpedia.org/ontology/birthPlace,http://dbpedia.org/resource/London,0,8.8e-05,0.135466,0.0,0.0,0.196315,4.3265,0.893574,0.1
http://dbpedia.org/resource/Abbas_II_of_Egypt,http://dbpedia.org/ontology/birthPlace,http://dbpedia.org/resource/Geneva,0,0.0,0.031814,0.0,1.0,0.0,0.00025,0.092233,0.81
http://dbpedia.org/resource/Joris_Ivens,http://dbpedia.org/ontology/birthPlace,http://dbpedia.org/resource/Paris,0,9.9e-05,0.1422,0.0,0.0,0.108488,1.72075,0.893574,0.13
http://dbpedia.org/resource/John_A._Roebling,http://dbpedia.org/ontology/birthPlace,http://dbpedia.org/resource/New_York_City,0,8.3e-05,0.126311,0.0,0.0,0.459818,3.539625,0.893574,0.16
http://dbpedia.org/resource/John_Stuart_Mill,http://dbpedia.org/ontology/deathPlace,http://dbpedia.org/resource/London_Borough_of_Islington,0,0.006623,0.031423,1.0,1.0,0.096663,0.00475,0.077492,0.95
http://dbpedia.org/resource/Jean-Jacques_Rousseau,http://dbpedia.org/ontology/deathPlace,http://dbpedia.org/resource/Geneva,0,0.000871,0.166039,0.0,0.0,0.144412,0.201875,0.893574,0.41
http://dbpedia.org/resource/Cornelius_Johnson_(artist),http://dbpedia.org/ontology/deathPlace,http://dbpedia.org/resource/London,0,4.4e-05,0.03342,0.0,0.0,0.096663,0.9155,0.123298,0.6
"http://dbpedia.org/resource/Francis_II,_Holy_Roman_Emperor",http://dbpedia.org/ontology/birthPlace,http://dbpedia.org/resource/Vienna,0,0.000513,0.076222,0.0,1.0,0.936018,0.01,0.097074,0.96
http://dbpedia.org/resource/Fay_Wray,http://dbpedia.org/ontology/deathPlace,http://dbpedia.org/resource/Alberta,0,0.0,0.034875,1.0,0.0,0.0,0.0,0.088136,0.8
http://dbpedia.org/resource/Eduard_von_Böhm-Ermolli,http://dbpedia.org/ontology/birthPlace,http://dbpedia.org/resource/Opava,0,0.0,0.034124,0.0,1.0,0.0,0.0,0.06653,0.81
http://dbpedia.org/resource/Abd_al-Rahman_I,http://dbpedia.org/ontology/birthPlace,"http://dbpedia.org/resource/Córdoba,_Spain",0,0.0,0.042981,0.0,1.0,0.0,0.0,0.080343,0.81
http://dbpedia.org/resource/Fay_Wray,http://dbpedia.org/ontology/birthPlace,http://dbpedia.org/resource/New_York_City,0,4.2e-05,0.080171,0.0,1.0,0.276938,0.009875,0.166241,0.88
http://dbpedia.org/resource/John_von_Neumann,http://dbpedia.org/ontology/birthPlace,"http://dbpedia.org/resource/Washington,_D.C.",0,0.000242,0.150672,0.0,0.0,0.195641,1.7905,0.893574,0.11
http://dbpedia.org/resource/Amerigo_Vespucci,http://dbpedia.org/ontology/birthPlace,http://dbpedia.org/resource/Seville,0,0.0,0.161779,0.0,0.0,0.0,0.108,0.893574,0.34
http://dbpedia.org/resource/Henry_Moseley,http://dbpedia.org/ontology/birthPlace,http://dbpedia.org/resource/Gelibolu,0,0.0,0.035067,0.0,0.0,0.0,0.000875,0.090476,0.61
http://dbpedia.org/resource/F._F._E._Yeo-Thomas,http://dbpedia.org/ontology/birthPlace,http://dbpedia.org/resource/Paris,0,0.0,0.03561,0.0,1.0,0.0,0.02775,0.073804,0.81
http://dbpedia.org/resource/Henry_Moseley,http://dbpedia.org/ontology/deathPlace,"http://dbpedia.org/resource/Weymouth,_Dorset",0,0.008264,0.200856,0.0,0.0,0.141226,0.02925,0.893574,0.32
http://dbpedia.org/resource/Abd_al-Rahman_I,http://dbpedia.org/ontology/deathPlace,http://dbpedia.org/resource/Damascus,0,0.0,0.053687,1.0,0.0,0.0,0.0,0.097114,0.8
http://dbpedia.org/resource/C._S._Forester,http://dbpedia.org/ontology/deathPlace,http://dbpedia.org/resource/Cairo,0,0.001075,0.143875,0.0,1.0,0.348404,0.317625,0.893574,0.5
http://dbpedia.org/resource/Hawley_Harvey_Crippen,http://dbpedia.org/ontology/deathPlace,"http://dbpedia.org/resource/Coldwater,_Michigan",0,0.0,0.187611,0.0,0.0,0.0,0.010625,0.893574,0.36
http://dbpedia.org/resource/John_Peel,http://dbpedia.org/ontology/birthPlace,http://dbpedia.org/resource/Cusco,0,0.0,0.176005,0.0,0.0,0.0,0.016,0.893574,0.34
"http://dbpedia.org/resource/Christina,_Queen_of_Sweden",http://dbpedia.org/ontology/birthPlace,http://dbpedia.org/resource/Rome,0,0.0,0.036437,0.0,1.0,0.0,0.0,0.077242,0.81
http://dbpedia.org/resource/John_Peel,http://dbpedia.org/ontology/deathPlace,http://dbpedia.org/resource/Heswall,0,0.0,0.243921,0.0,0.0,0.0,0.00475,0.893574,0.36
http://dbpedia.org/resource/André_Weil,http://dbpedia.org/ontology/birthPlace,"http://dbpedia.org/resource/Princeton,_New_Jersey",0,0.0,0.162808,0.0,0.0,0.0,0.08075,0.893574,0.34
http://dbpedia.org/resource/John_von_Neumann,http://dbpedia.org/ontology/deathPlace,http://dbpedia.org/resource/Budapest,0,0.001872,0.188082,0.0,0.0,1.890915,0.93,0.893574,0.34
http://dbpedia.org/resource/Eugene_Wigner,http://dbpedia.org/ontology/birthPlace,"http://dbpedia.org/resource/Princeton,_New_Jersey",0,0.0,0.18221,0.0,0.0,0.0,0.07525,0.893574,0.34
http://dbpedia.org/resource/Emma_Goldman,http://dbpedia.org/ontology/birthPlace,http://dbpedia.org/resource/Toronto,0,0.000113,0.116027,0.0,0.0,0.110131,1.332375,0.893574,0.11
http://dbpedia.org/resource/Augustus_II_the_Strong,http://dbpedia.org/ontology/deathPlace,http://dbpedia.org/resource/Dresden,0,0.0,0.096133,1.0,0.0,0.0,0.000875,0.192654,0.8
http://dbpedia.org/resource/Frédéric_Bastiat,http://dbpedia.org/ontology/birthPlace,http://dbpedia.org/resource/Rome,0,0.000316,0.127503,0.0,0.0,0.261189,1.2525,0.893574,0.13
"http://dbpedia.org/resource/Francis_II,_Holy_Roman_Emperor",http://dbpedia.org/ontology/deathPlace,http://dbpedia.org/resource/Florence,0,0.0,0.051986,1.0,0.0,0.0,0.000375,0.128807,0.8
http://dbpedia.org/resource/Eduard_von_Böhm-Ermolli,http://dbpedia.org/ontology/deathPlace,http://dbpedia.org/resource/Ancona,0,0.0,0.029753,1.0,0.0,0.0,0.000375,0.05291,0.8
http://dbpedia.org/resource/Austen_Henry_Layard,http://dbpedia.org/ontology/birthPlace,http://dbpedia.org/resource/London,0,0.000131,0.075522,0.0,1.0,0.712288,0.06475,0.20394,0.91
http://dbpedia.org/resource/Joe_Strummer,http://dbpedia.org/ontology/birthPlace,"http://dbpedia.org/resource/Broomfield,_Somerset",0,0.0,0.276488,0.0,0.0,0.0,0.0165,0.893574,0.32
"http://dbpedia.org/resource/Christina,_Queen_of_Sweden",http://dbpedia.org/ontology/deathPlace,http://dbpedia.org/resource/Stockholm,0,0.0,0.040881,1.0,0.0,0.0,0.00025,0.097584,0.8
http://dbpedia.org/resource/Irenaeus,http://dbpedia.org/ontology/birthPlace,http://dbpedia.org/resource/Lyon,0,0.001873,0.09112,0.0,1.0,0.648658,0.090875,0.259546,0.88
http://dbpedia.org/resource/Cornelius_Johnson_(artist),http://dbpedia.org/ontology/birthPlace,http://dbpedia.org/resource/Utrecht,0,0.001623,0.154668,0.0,1.0,0.105761,0.153,0.893574,0.47
http://dbpedia.org/resource/Alfred_Hitchcock,http://dbpedia.org/ontology/deathPlace,http://dbpedia.org/resource/London,0,0.000131,0.098321,0.0,0.0,1.347941,0.062125,0.27786,0.82
http://dbpedia.org/resource/Adelaide_of_Italy,http://dbpedia.org/ontology/birthPlace,http://dbpedia.org/resource/Alsace,0,0.0,0.201923,0.0,0.0,0.0,0.0265,0.893574,0.34
http://dbpedia.org/resource/Frédéric_Bastiat,http://dbpedia.org/ontology/deathPlace,http://dbpedia.org/resource/Bayonne,0,0.005952,0.181799,0.0,0.0,0.090548,0.04,0.893574,0.35
http://dbpedia.org/resource/John_Stuart_Mill,http://dbpedia.org/ontology/birthPlace,http://dbpedia.org/resource/Avignon,0,0.003597,0.220527,0.0,0.0,0.417032,0.044875,0.893574,0.3
http://dbpedia.org/resource/Carlo_Goldoni,http://dbpedia.org/ontology/birthPlace,http://dbpedia.org/resource/Paris,0,9.9e-05,0.126575,0.0,0.0,0.108488,1.709375,0.893574,0.12
http://dbpedia.org/resource/Benoit_Mandelbrot,http://dbpedia.org/ontology/birthPlace,"http://dbpedia.org/resource/Cambridge,_Massachusetts",0,0.0,0.05269,0.0,1.0,0.0,0.001375,0.084959,0.8
http://dbpedia.org/resource/Aaliyah,http://dbpedia.org/ontology/birthPlace,http://dbpedia.org/resource/Marsh_Harbour,0,0.032258,0.36699,0.0,0.0,0.5092,0.019,0.893574,0.25
http://dbpedia.org/resource/Henry_I_of_England,http://dbpedia.org/ontology/birthPlace,http://dbpedia.org/resource/Lyons-la-Forêt,0,0.0,0.036512,0.0,1.0,0.0,0.0,0.072698,0.81
http://dbpedia.org/resource/James_Clavell,http://dbpedia.org/ontology/birthPlace,http://dbpedia.org/resource/Vevey,0,0.0,0.209789,0.0,0.0,0.0,0.019125,0.893574,0.34
http://dbpedia.org/resource/Irenaeus,http://dbpedia.org/ontology/deathPlace,http://dbpedia.org/resource/İzmir,0,0.001799,0.052463,1.0,0.0,0.100354,0.05025,0.118086,0.78
http://dbpedia.org/resource/Ernst_Mayr,http://dbpedia.org/ontology/birthPlace,"http://dbpedia.org/resource/Bedford,_Massachusetts",0,0.0,0.208455,0.0,0.0,0.0,0.009125,0.893574,0.34
http://dbpedia.org/resource/J._R._R._Tolkien,http://dbpedia.org/ontology/birthPlace,http://dbpedia.org/resource/Bournemouth,0,0.005199,0.222119,0.0,0.0,0.849342,0.098875,0.893574,0.43
http://dbpedia.org/resource/Henry_I_of_England,http://dbpedia.org/ontology/deathPlace,http://dbpedia.org/resource/Selby,0,0.0,0.027368,1.0,0.0,0.0,0.00025,0.071653,0.8
http://dbpedia.org/resource/Bernardo_O'Higgins,http://dbpedia.org/ontology/deathPlace,http://dbpedia.org/resource/Chillán,0,0.015873,0.129044,1.0,0.0,0.558111,0.003875,0.292667,0.82
"http://dbpedia.org/resource/Diana,_Princess_of_Wales",http://dbpedia.org/ontology/birthPlace,http://dbpedia.org/resource/Paris,0,9.9e-05,0.046397,0.0,1.0,0.352956,0.002625,0.108899,0.86
http://dbpedia.org/resource/Amerigo_Vespucci,http://dbpedia.org/ontology/deathPlace,http://dbpedia.org/resource/Florence,0,0.001671,0.163978,0.0,0.0,0.348682,0.246125,0.893574,0.4
http://dbpedia.org/resource/C._S._Forester,http://dbpedia.org/ontology/birthPlace,"http://dbpedia.org/resource/Fullerton,_California",0,0.0,0.166653,0.0,0.0,0.0,0.028875,0.893574,0.34
http://dbpedia.org/resource/Bernardo_O'Higgins,http://dbpedia.org/ontology/birthPlace,http://dbpedia.org/resource/Lima,0,0.001187,0.106161,0.0,1.0,0.937034,0.006875,0.267824,0.96
http://dbpedia.org/resource/John_A._Macdonald,http://dbpedia.org/ontology/deathPlace,http://dbpedia.org/resource/Glasgow,0,0.000433,0.13761,0.0,0.0,0.227296,0.837,0.893574,0.15
http://dbpedia.org/resource/Augustus_II_the_Strong,http://dbpedia.org/ontology/birthPlace,http://dbpedia.org/resource/Warsaw,0,0.0,0.076135,0.0,1.0,0.0,0.0015,0.119766,0.8
http://dbpedia.org/resource/André_Weil,http://dbpedia.org/ontology/deathPlace,http://dbpedia.org/resource/Paris,0,0.000396,0.133767,0.0,0.0,0.724973,1.78925,0.893574,0.2
http://dbpedia.org/resource/Abbas_II_of_Egypt,http://dbpedia.org/ontology/deathPlace,http://dbpedia.org/resource/Alexandria,0,0.0,0.049049,1.0,0.0,0.0,0.002625,0.123991,0.8
http://dbpedia.org/resource/Alexander_Kerensky,http://dbpedia.org/ontology/birthPlace,http://dbpedia.org/resource/New_York_City,0,8.3e-05,0.134222,0.0,0.0,0.199565,4.6455,0.893574,0.1
"http://dbpedia.org/resource/Diana,_Princess_of_Wales",http://dbpedia.org/ontology/deathPlace,"http://dbpedia.org/resource/Sandringham,_Norfolk",0,0.0,0.064295,1.0,0.0,0.0,0.00175,0.151797,0.8
