subject,predicate,object,truth,kl_rel,katz,kl,pra,ks,predpath,ensemble_score
http://dbpedia.org/resource/Gregory_Bateson,http://dbpedia.org/ontology/birthPlace,http://dbpedia.org/resource/Grantchester,1,0.059209,0.011125,0.073111,1.0,0.034462,1.0,0.2983140972948254
http://dbpedia.org/resource/C._S._Forester,http://dbpedia.org/ontology/birthPlace,http://dbpedia.org/resource/Cairo,1,0.167179,0.317625,0.075999,1.0,0.045356,1.0,0.16286322401516062
http://dbpedia.org/resource/Emma_Goldman,http://dbpedia.org/ontology/deathPlace,http://dbpedia.org/resource/Toronto,1,0.113571,1.332375,0.059937,1.0,0.04189,1.0,0.16286322401516062
http://dbpedia.org/resource/Abd_al-Rahman_I,http://dbpedia.org/ontology/birthPlace,http://dbpedia.org/resource/Damascus,1,0.089922,0.0,0.070612,0.0,0.050632,1.0,0.9799521282021753
http://dbpedia.org/resource/Augustus_II_the_Strong,http://dbpedia.org/ontology/deathPlace,http://dbpedia.org/resource/Warsaw,1,0.136758,0.0015,0.072804,1.0,0.077942,0.0,0.710570978899016
http://dbpedia.org/resource/Augustus_II_the_Strong,http://dbpedia.org/ontology/birthPlace,http://dbpedia.org/resource/Dresden,1,0.17004,0.000875,0.093266,0.0,0.089231,1.0,0.9733560793084091
http://dbpedia.org/resource/Hawley_Harvey_Crippen,http://dbpedia.org/ontology/deathPlace,http://dbpedia.org/resource/London,1,0.178592,4.3265,0.06543,1.0,0.068394,1.0,0.16286322401516062
http://dbpedia.org/resource/J._R._R._Tolkien,http://dbpedia.org/ontology/deathPlace,http://dbpedia.org/resource/Bournemouth,1,0.309026,0.098875,0.112545,1.0,0.112085,1.0,0.3575575096163546
http://dbpedia.org/resource/Abbas_II_of_Egypt,http://dbpedia.org/ontology/birthPlace,http://dbpedia.org/resource/Alexandria,1,0.111966,0.002625,0.078208,0.0,0.047468,1.0,0.9733560793084091
http://dbpedia.org/resource/John_von_Neumann,http://dbpedia.org/ontology/birthPlace,http://dbpedia.org/resource/Budapest,1,0.239746,0.93,0.086776,1.0,0.098703,1.0,0.1808154278898414
http://dbpedia.org/resource/Joris_Ivens,http://dbpedia.org/ontology/birthPlace,http://dbpedia.org/resource/Nijmegen,1,0.082732,0.0755,0.063347,1.0,0.034252,1.0,0.760446418525289
http://dbpedia.org/resource/Benoit_Mandelbrot,http://dbpedia.org/ontology/birthPlace,http://dbpedia.org/resource/Warsaw,1,0.085827,0.000875,0.076464,0.0,0.04308,1.0,0.9799521282021753
http://dbpedia.org/resource/J._R._R._Tolkien,http://dbpedia.org/ontology/birthPlace,http://dbpedia.org/resource/Bloemfontein,1,0.17132,0.073375,0.0895,1.0,0.049128,1.0,0.6611830038205778
http://dbpedia.org/resource/Anton_Chekhov,http://dbpedia.org/ontology/birthPlace,http://dbpedia.org/resource/Taganrog,1,0.257007,0.05775,0.127717,1.0,0.195843,1.0,0.8529079575450924
http://dbpedia.org/resource/Aaliyah,http://dbpedia.org/ontology/deathPlace,http://dbpedia.org/resource/Marsh_Harbour,1,0.247445,0.019,0.165825,1.0,0.095992,1.0,0.8529079575450924
http://dbpedia.org/resource/Ivan_Bunin,http://dbpedia.org/ontology/deathPlace,http://dbpedia.org/resource/Paris,1,0.110485,2.66625,0.059535,1.0,0.041606,1.0,0.16286322401516062
http://dbpedia.org/resource/Alexander_Kerensky,http://dbpedia.org/ontology/birthPlace,http://dbpedia.org/resource/Ulyanovsk,1,0.239784,0.025375,0.120166,1.0,0.094572,1.0,0.8529079575450924
http://dbpedia.org/resource/Ernst_Mayr,http://dbpedia.org/ontology/birthPlace,http://dbpedia.org/resource/Kempten,1,0.088773,0.008375,0.068387,1.0,0.030608,1.0,0.9041448267386352
http://dbpedia.org/resource/Austen_Henry_Layard,http://dbpedia.org/ontology/deathPlace,http://dbpedia.org/resource/London,1,0.203434,0.06475,0.074976,1.0,0.078423,1.0,0.6611830038205778
http://dbpedia.org/resource/Douglas_Adams,http://dbpedia.org/ontology/deathPlace,"http://dbpedia.org/resource/Santa_Barbara,_California",1,0.133754,0.0035,0.075996,1.0,0.057783,1.0,0.8529079575450924
http://dbpedia.org/resource/James_Wilkinson,http://dbpedia.org/ontology/birthPlace,"http://dbpedia.org/resource/Benedict,_Maryland",1,0.174993,0.002875,0.144532,0.0,0.061053,1.0,0.9733560793084091
http://dbpedia.org/resource/Arthur_de_Gobineau,http://dbpedia.org/ontology/birthPlace,http://dbpedia.org/resource/Ville-d'Avray,1,0.117686,0.004875,0.091071,1.0,0.057444,1.0,0.8529079575450924
"http://dbpedia.org/resource/Francis_II,_Holy_Roman_Emperor",http://dbpedia.org/ontology/birthPlace,http://dbpedia.org/resource/Florence,1,0.11799,0.000375,0.074633,0.0,0.053135,1.0,0.9733560793084091
http://dbpedia.org/resource/John_A._Roebling,http://dbpedia.org/ontology/birthPlace,http://dbpedia.org/resource/Mühlhausen,1,0.092498,0.006,0.095077,1.0,0.048281,1.0,0.8529079575450924
http://dbpedia.org/resource/Cornelius_Johnson_(artist),http://dbpedia.org/ontology/deathPlace,http://dbpedia.org/resource/Utrecht,1,0.126003,0.153,0.069671,1.0,0.035725,0.0,0.33886957441499754
http://dbpedia.org/resource/John_A._Macdonald,http://dbpedia.org/ontology/deathPlace,http://dbpedia.org/resource/Ottawa,1,0.271728,0.842,0.092224,1.0,0.136882,1.0,0.1808154278898414
http://dbpedia.org/resource/John_A._Roebling,http://dbpedia.org/ontology/deathPlace,http://dbpedia.org/resource/New_York_City,1,0.170672,3.539625,0.072156,1.0,0.051107,1.0,0.16286322401516062
http://dbpedia.org/resource/James_Wilkinson,http://dbpedia.org/ontology/deathPlace,http://dbpedia.org/resource/Mexico_City,1,0.805212,1.416125,0.106414,1.0,0.144137,1.0,0.1808154278898414
http://dbpedia.org/resource/Arthur_de_Gobineau,http://dbpedia.org/ontology/deathPlace,http://dbpedia.org/resource/Turin,1,0.106688,0.247875,0.062247,1.0,0.04225,1.0,0.480734480760883
http://dbpedia.org/resource/Frédéric_Bastiat,http://dbpedia.org/ontology/deathPlace,http://dbpedia.org/resource/Rome,1,0.121024,1.2525,0.062314,1.0,0.036329,1.0,0.16286322401516062
http://dbpedia.org/resource/Adelaide_of_Italy,http://dbpedia.org/ontology/birthPlace,http://dbpedia.org/resource/Orbe,1,0.051812,0.004625,0.065264,1.0,0.017348,1.0,0.05751491761813765
"http://dbpedia.org/resource/Albert_VII,_Archduke_of_Austria",http://dbpedia.org/ontology/birthPlace,http://dbpedia.org/resource/Wiener_Neustadt,1,0.06023,0.0,0.06119,0.0,0.042907,1.0,0.8489069899479876
http://dbpedia.org/resource/Irenaeus,http://dbpedia.org/ontology/birthPlace,http://dbpedia.org/resource/İzmir,1,0.134135,0.05025,0.077524,0.0,0.056701,1.0,0.9733560793084091
http://dbpedia.org/resource/Henry_Moseley,http://dbpedia.org/ontology/birthPlace,"http://dbpedia.org/resource/Weymouth,_Dorset",1,0.122434,0.02925,0.078409,1.0,0.051149,1.0,0.8529079575450924
http://dbpedia.org/resource/Eduard_von_Böhm-Ermolli,http://dbpedia.org/ontology/birthPlace,http://dbpedia.org/resource/Ancona,1,0.053969,0.000375,0.060211,0.0,0.035055,1.0,0.9540078513077008
http://dbpedia.org/resource/Henry_I_of_England,http://dbpedia.org/ontology/deathPlace,http://dbpedia.org/resource/Lyons-la-Forêt,1,0.067186,0.0,0.08401,1.0,0.032816,0.0,0.20652019112287745
http://dbpedia.org/resource/Irenaeus,http://dbpedia.org/ontology/deathPlace,http://dbpedia.org/resource/Lyon,1,0.296957,0.090875,0.102502,1.0,0.092601,0.0,0.36683540281000393
http://dbpedia.org/resource/F._F._E._Yeo-Thomas,http://dbpedia.org/ontology/deathPlace,http://dbpedia.org/resource/Paris,1,0.078266,0.02775,0.059226,1.0,0.037803,0.0,0.7719928938275042
http://dbpedia.org/resource/Eugene_Wigner,http://dbpedia.org/ontology/deathPlace,"http://dbpedia.org/resource/Princeton,_New_Jersey",1,0.082176,0.07525,0.083965,1.0,0.065928,1.0,0.760446418525289
http://dbpedia.org/resource/Anton_Chekhov,http://dbpedia.org/ontology/deathPlace,http://dbpedia.org/resource/Badenweiler,1,0.122548,0.01875,0.099431,1.0,0.048992,1.0,0.8529079575450924
"http://dbpedia.org/resource/Diana,_Princess_of_Wales",http://dbpedia.org/ontology/deathPlace,http://dbpedia.org/resource/Paris,1,0.133713,0.002625,0.076623,1.0,0.0513,0.0,0.710570978899016
http://dbpedia.org/resource/Abd_al-Rahman_I,http://dbpedia.org/ontology/deathPlace,"http://dbpedia.org/resource/Córdoba,_Spain",1,0.093226,0.0,0.072711,1.0,0.043868,0.0,0.710570978899016
http://dbpedia.org/resource/Frank_Capra,http://dbpedia.org/ontology/birthPlace,http://dbpedia.org/resource/Bisacquino,1,0.057957,0.0,0.062421,0.0,0.036751,1.0,0.8761724762091376
"http://dbpedia.org/resource/Albert_VII,_Archduke_of_Austria",http://dbpedia.org/ontology/deathPlace,http://dbpedia.org/resource/Brussels,1,0.099406,0.00025,0.088676,1.0,0.070726,0.0,0.710570978899016
http://dbpedia.org/resource/Catherine_of_Aragon,http://dbpedia.org/ontology/deathPlace,http://dbpedia.org/resource/Huntingdonshire,1,0.061096,0.0,0.062229,1.0,0.034582,0.0,0.3316675218243762
http://dbpedia.org/resource/C._S._Forester,http://dbpedia.org/ontology/deathPlace,"http://dbpedia.org/resource/Fullerton,_California",1,0.056259,0.028875,0.049798,1.0,0.031849,1.0,0.3012597996311258
http://dbpedia.org/resource/John_von_Neumann,http://dbpedia.org/ontology/deathPlace,"http://dbpedia.org/resource/Washington,_D.C.",1,0.108229,1.7905,0.067314,1.0,0.069992,1.0,0.16286322401516062
"http://dbpedia.org/resource/Christina,_Queen_of_Sweden",http://dbpedia.org/ontology/deathPlace,http://dbpedia.org/resource/Rome,1,0.074797,0.0,0.051436,1.0,0.039981,0.0,0.6254795162439029
http://dbpedia.org/resource/James_Clavell,http://dbpedia.org/ontology/birthPlace,http://dbpedia.org/resource/Sydney,1,0.093071,0.000125,0.056547,0.0,0.051408,1.0,0.9733560793084091
http://dbpedia.org/resource/Henry_Moseley,http://dbpedia.org/ontology/deathPlace,http://dbpedia.org/resource/Gelibolu,1,0.096503,0.000875,0.075922,1.0,0.038365,1.0,0.8529079575450924
http://dbpedia.org/resource/George_Frideric_Handel,http://dbpedia.org/ontology/deathPlace,http://dbpedia.org/resource/London,1,0.151825,4.32875,0.063235,1.0,0.068808,1.0,0.16286322401516062
http://dbpedia.org/resource/Gregory_Bateson,http://dbpedia.org/ontology/deathPlace,http://dbpedia.org/resource/San_Francisco,1,0.11347,0.005375,0.073474,1.0,0.071441,0.0,0.710570978899016
http://dbpedia.org/resource/Fay_Wray,http://dbpedia.org/ontology/deathPlace,http://dbpedia.org/resource/New_York_City,1,0.183026,0.009875,0.06804,1.0,0.074585,0.0,0.710570978899016
http://dbpedia.org/resource/Alfred_Hitchcock,http://dbpedia.org/ontology/deathPlace,"http://dbpedia.org/resource/Bel_Air,_Los_Angeles",1,0.188224,0.039625,0.121638,1.0,0.071472,1.0,0.8529079575450924
http://dbpedia.org/resource/Frank_Capra,http://dbpedia.org/ontology/deathPlace,"http://dbpedia.org/resource/La_Quinta,_California",1,0.062664,0.00025,0.065209,1.0,0.046122,0.0,0.30239031346541334
http://dbpedia.org/resource/Eduard_von_Böhm-Ermolli,http://dbpedia.org/ontology/deathPlace,http://dbpedia.org/resource/Opava,1,0.06237,0.0,0.060184,1.0,0.033388,0.0,0.30239031346541334
http://dbpedia.org/resource/James_Clavell,http://dbpedia.org/ontology/deathPlace,http://dbpedia.org/resource/Vevey,1,0.108607,0.019125,0.077855,1.0,0.045192,1.0,0.8529079575450924
http://dbpedia.org/resource/Hawley_Harvey_Crippen,http://dbpedia.org/ontology/birthPlace,"http://dbpedia.org/resource/Coldwater,_Michigan",1,0.051623,0.010625,0.049677,1.0,0.020252,1.0,0.05751491761813765
http://dbpedia.org/resource/John_A._Macdonald,http://dbpedia.org/ontology/birthPlace,http://dbpedia.org/resource/Glasgow,1,0.096234,0.837,0.061554,1.0,0.057859,1.0,0.16286322401516062
http://dbpedia.org/resource/Bernardo_O'Higgins,http://dbpedia.org/ontology/birthPlace,http://dbpedia.org/resource/Chillán,1,0.276648,0.003875,0.152603,0.0,0.139506,1.0,0.9733560793084091
http://dbpedia.org/resource/Alexander_Kerensky,http://dbpedia.org/ontology/deathPlace,http://dbpedia.org/resource/New_York_City,1,0.115626,4.6455,0.067247,1.0,0.069474,1.0,0.16286322401516062
http://dbpedia.org/resource/Eugene_Wigner,http://dbpedia.org/ontology/birthPlace,http://dbpedia.org/resource/Budapest,1,0.144024,0.82925,0.082237,1.0,0.091269,0.0,0.14839695479137227
http://dbpedia.org/resource/Jean-Jacques_Rousseau,http://dbpedia.org/ontology/deathPlace,http://dbpedia.org/resource/Ermenonville,1,0.062313,0.02525,0.070219,1.0,0.025772,1.0,0.2355777586955723
http://dbpedia.org/resource/Adelaide_of_Italy,http://dbpedia.org/ontology/deathPlace,http://dbpedia.org/resource/Alsace,1,0.100368,0.0265,0.077634,1.0,0.059566,1.0,0.8529079575450924
http://dbpedia.org/resource/Emma_Goldman,http://dbpedia.org/ontology/birthPlace,http://dbpedia.org/resource/Kaunas,1,0.176844,0.079875,0.087828,1.0,0.058225,1.0,0.6611830038205778
http://dbpedia.org/resource/Alfred_Hitchcock,http://dbpedia.org/ontology/birthPlace,http://dbpedia.org/resource/London,1,0.262172,0.062125,0.077036,1.0,0.098428,1.0,0.6611830038205778
http://dbpedia.org/resource/Joe_Strummer,http://dbpedia.org/ontology/deathPlace,"http://dbpedia.org/resource/Broomfield,_Somerset",1,0.054811,0.0165,0.05886,1.0,0.023438,1.0,0.03177430127674641
http://dbpedia.org/resource/F._F._E._Yeo-Thomas,http://dbpedia.org/ontology/birthPlace,http://dbpedia.org/resource/London,1,0.076584,0.007,0.056491,0.0,0.043265,1.0,0.8867615556151563
"http://dbpedia.org/resource/Christina,_Queen_of_Sweden",http://dbpedia.org/ontology/birthPlace,http://dbpedia.org/resource/Stockholm,1,0.081909,0.00025,0.065548,0.0,0.041565,1.0,0.9799521282021753
http://dbpedia.org/resource/Aaliyah,http://dbpedia.org/ontology/birthPlace,http://dbpedia.org/resource/Brooklyn,1,0.161808,0.169,0.074237,0.0,0.063984,1.0,0.990436706523886
"http://dbpedia.org/resource/Diana,_Princess_of_Wales",http://dbpedia.org/ontology/birthPlace,"http://dbpedia.org/resource/Sandringham,_Norfolk",1,0.153577,0.00175,0.14522,0.0,0.066229,1.0,0.9733560793084091
http://dbpedia.org/resource/Joseph_Conrad,http://dbpedia.org/ontology/deathPlace,http://dbpedia.org/resource/Bishopsbourne,1,0.107905,0.011375,0.090724,1.0,0.040681,1.0,0.8529079575450924
http://dbpedia.org/resource/Amerigo_Vespucci,http://dbpedia.org/ontology/deathPlace,http://dbpedia.org/resource/Seville,1,0.12886,0.108,0.071108,1.0,0.052491,1.0,0.3575575096163546
http://dbpedia.org/resource/John_Stuart_Mill,http://dbpedia.org/ontology/birthPlace,http://dbpedia.org/resource/London_Borough_of_Islington,1,0.086752,0.00475,0.06469,0.0,0.032715,0.0,0.9914249121175195
http://dbpedia.org/resource/Henry_I_of_England,http://dbpedia.org/ontology/birthPlace,http://dbpedia.org/resource/Selby,1,0.067449,0.00025,0.060528,0.0,0.027168,1.0,0.874129191403466
http://dbpedia.org/resource/Benoit_Mandelbrot,http://dbpedia.org/ontology/deathPlace,"http://dbpedia.org/resource/Cambridge,_Massachusetts",1,0.093996,0.001375,0.081741,1.0,0.058328,0.0,0.710570978899016
"http://dbpedia.org/resource/Francis_II,_Holy_Roman_Emperor",http://dbpedia.org/ontology/deathPlace,http://dbpedia.org/resource/Vienna,1,0.09988,0.01,0.088178,1.0,0.084214,0.0,0.710570978899016
http://dbpedia.org/resource/Amerigo_Vespucci,http://dbpedia.org/ontology/birthPlace,http://dbpedia.org/resource/Florence,1,0.162404,0.246125,0.077512,1.0,0.066133,1.0,0.480734480760883
http://dbpedia.org/resource/Bernardo_O'Higgins,http://dbpedia.org/ontology/deathPlace,http://dbpedia.org/resource/Lima,1,0.303237,0.006875,0.097944,1.0,0.115991,0.0,0.710570978899016
http://dbpedia.org/resource/Abbas_II_of_Egypt,http://dbpedia.org/ontology/deathPlace,http://dbpedia.org/resource/Geneva,1,0.100491,0.00025,0.066428,1.0,0.033972,0.0,0.710570978899016
http://dbpedia.org/resource/Catherine_of_Aragon,http://dbpedia.org/ontology/birthPlace,http://dbpedia.org/resource/Alcalá_de_Henares,1,0.064277,0.0,0.056907,0.0,0.021212,1.0,0.8097158188200676
http://dbpedia.org/resource/John_Stuart_Mill,http://dbpedia.org/ontology/deathPlace,http://dbpedia.org/resource/Avignon,1,0.2539,0.044875,0.115193,1.0,0.0878,1.0,0.8529079575450924
http://dbpedia.org/resource/Douglas_Adams,http://dbpedia.org/ontology/birthPlace,http://dbpedia.org/resource/Cambridge,1,0.123388,0.216,0.066796,1.0,0.046231,1.0,0.42372708169987394
http://dbpedia.org/resource/John_Peel,http://dbpedia.org/ontology/deathPlace,http://dbpedia.org/resource/Cusco,1,0.047582,0.016,0.047316,1.0,0.019028,1.0,0.03177430127674641
http://dbpedia.org/resource/Joris_Ivens,http://dbpedia.org/ontology/deathPlace,http://dbpedia.org/resource/Paris,1,0.123578,1.72075,0.064844,1.0,0.070291,1.0,0.16286322401516062
http://dbpedia.org/resource/John_Peel,http://dbpedia.org/ontology/birthPlace,http://dbpedia.org/resource/Heswall,1,0.068836,0.00475,0.062058,1.0,0.028548,1.0,0.478995172651308
http://dbpedia.org/resource/Alfonso_IV_of_Aragon,http://dbpedia.org/ontology/deathPlace,http://dbpedia.org/resource/Barcelona,1,0.127094,0.0005,0.073842,1.0,0.041687,0.0,0.710570978899016
http://dbpedia.org/resource/Ernst_Mayr,http://dbpedia.org/ontology/deathPlace,"http://dbpedia.org/resource/Bedford,_Massachusetts",1,0.053314,0.009125,0.05878,1.0,0.027198,1.0,0.03177430127674641
http://dbpedia.org/resource/Cornelius_Johnson_(artist),http://dbpedia.org/ontology/birthPlace,http://dbpedia.org/resource/London,1,0.108933,0.9155,0.055644,1.0,0.038074,1.0,0.16286322401516062
http://dbpedia.org/resource/Fay_Wray,http://dbpedia.org/ontology/birthPlace,http://dbpedia.org/resource/Alberta,1,0.084947,0.0,0.055191,0.0,0.029597,1.0,0.9799521282021753
http://dbpedia.org/resource/Austen_Henry_Layard,http://dbpedia.org/ontology/birthPlace,http://dbpedia.org/resource/Paris,1,0.166131,0.009625,0.067115,1.0,0.045956,0.0,0.710570978899016
http://dbpedia.org/resource/Frédéric_Bastiat,http://dbpedia.org/ontology/birthPlace,http://dbpedia.org/resource/Bayonne,1,0.082435,0.04,0.058635,1.0,0.035429,1.0,0.9041448267386352
http://dbpedia.org/resource/André_Weil,http://dbpedia.org/ontology/birthPlace,http://dbpedia.org/resource/Paris,1,0.10989,1.78925,0.073082,1.0,0.057683,1.0,0.16286322401516062
http://dbpedia.org/resource/Joseph_Conrad,http://dbpedia.org/ontology/birthPlace,http://dbpedia.org/resource/Berdychiv,1,0.092104,0.014375,0.068194,1.0,0.033604,1.0,0.8529079575450924
http://dbpedia.org/resource/George_Frideric_Handel,http://dbpedia.org/ontology/birthPlace,http://dbpedia.org/resource/Halle_(Saale),1,0.35416,0.044375,0.131939,1.0,0.154003,1.0,0.8529079575450924
http://dbpedia.org/resource/Ivan_Bunin,http://dbpedia.org/ontology/birthPlace,http://dbpedia.org/resource/Voronezh,1,0.092104,0.04,0.063469,1.0,0.040791,1.0,0.8529079575450924
http://dbpedia.org/resource/Jean-Jacques_Rousseau,http://dbpedia.org/ontology/birthPlace,http://dbpedia.org/resource/Geneva,1,0.156517,0.201875,0.075742,1.0,0.0883,1.0,0.3850641129364206
http://dbpedia.org/resource/Carlo_Goldoni,http://dbpedia.org/ontology/birthPlace,http://dbpedia.org/resource/Venice,1,0.332034,0.193125,0.113503,1.0,0.106536,1.0,0.3850641129364206
http://dbpedia.org/resource/Joe_Strummer,http://dbpedia.org/ontology/birthPlace,http://dbpedia.org/resource/Ankara,1,0.066497,0.180375,0.054325,1.0,0.031353,1.0,0.025123418528552266
http://dbpedia.org/resource/Carlo_Goldoni,http://dbpedia.org/ontology/deathPlace,http://dbpedia.org/resource/Paris,1,0.121496,1.709375,0.06188,1.0,0.052571,1.0,0.16286322401516062
http://dbpedia.org/resource/Ambrose,http://dbpedia.org/ontology/birthPlace,http://dbpedia.org/resource/Trier,1,0.085667,0.022,0.079358,1.0,0.040201,1.0,0.9041448267386352
http://dbpedia.org/resource/Alfonso_IV_of_Aragon,http://dbpedia.org/ontology/birthPlace,http://dbpedia.org/resource/Naples,1,0.086699,0.0,0.065329,0.0,0.040691,1.0,0.9799521282021753
http://dbpedia.org/resource/André_Weil,http://dbpedia.org/ontology/deathPlace,"http://dbpedia.org/resource/Princeton,_New_Jersey",1,0.087028,0.08075,0.071583,1.0,0.053076,1.0,0.760446418525289
http://dbpedia.org/resource/Emma_Goldman,http://dbpedia.org/ontology/deathPlace,http://dbpedia.org/resource/Kaunas,0,0.893574,0.079875,0.141474,0.0,0.177504,0.0,0.9821821292163333
http://dbpedia.org/resource/John_A._Roebling,http://dbpedia.org/ontology/deathPlace,http://dbpedia.org/resource/Mühlhausen,0,0.893574,0.006,0.220928,0.0,0.239683,0.0,0.9885595122062653
http://dbpedia.org/resource/James_Clavell,http://dbpedia.org/ontology/deathPlace,http://dbpedia.org/resource/Sydney,0,0.104019,0.000125,0.056547,1.0,0.045928,0.0,0.710570978899016
http://dbpedia.org/resource/Ambrose,http://dbpedia.org/ontology/birthPlace,http://dbpedia.org/resource/Milan,0,0.893574,0.4565,0.111881,0.0,0.18937,0.0,0.9797455565613589
http://dbpedia.org/resource/Frank_Capra,http://dbpedia.org/ontology/deathPlace,http://dbpedia.org/resource/Bisacquino,0,0.054012,0.0,0.062421,1.0,0.033502,0.0,0.035501011159827844
http://dbpedia.org/resource/Alexander_Kerensky,http://dbpedia.org/ontology/deathPlace,http://dbpedia.org/resource/Ulyanovsk,0,0.893574,0.025375,0.182195,0.0,0.251584,0.0,0.9885595122062653
http://dbpedia.org/resource/Arthur_de_Gobineau,http://dbpedia.org/ontology/deathPlace,http://dbpedia.org/resource/Ville-d'Avray,0,0.893574,0.004875,0.250267,0.0,0.275296,0.0,0.9885595122062653
http://dbpedia.org/resource/Eugene_Wigner,http://dbpedia.org/ontology/deathPlace,http://dbpedia.org/resource/Budapest,0,0.893574,0.82925,0.107218,0.0,0.168194,1.0,0.9923896399941475
http://dbpedia.org/resource/George_Frideric_Handel,http://dbpedia.org/ontology/deathPlace,http://dbpedia.org/resource/Halle_(Saale),0,0.893574,0.044375,0.154306,0.0,0.255925,0.0,0.9885595122062653
http://dbpedia.org/resource/Douglas_Adams,http://dbpedia.org/ontology/birthPlace,"http://dbpedia.org/resource/Santa_Barbara,_California",0,0.129734,0.0035,0.075996,0.0,0.052067,0.0,0.9885595122062653
http://dbpedia.org/resource/Catherine_of_Aragon,http://dbpedia.org/ontology/birthPlace,http://dbpedia.org/resource/Huntingdonshire,0,0.060499,0.0,0.062229,0.0,0.034712,1.0,0.8489069899479876
http://dbpedia.org/resource/Alfonso_IV_of_Aragon,http://dbpedia.org/ontology/birthPlace,http://dbpedia.org/resource/Barcelona,0,0.121093,0.0005,0.073842,0.0,0.038938,1.0,0.9733560793084091
http://dbpedia.org/resource/Douglas_Adams,http://dbpedia.org/ontology/deathPlace,http://dbpedia.org/resource/Cambridge,0,0.893574,0.216,0.124249,0.0,0.147369,0.0,0.983544888834373
http://dbpedia.org/resource/Joseph_Conrad,http://dbpedia.org/ontology/birthPlace,http://dbpedia.org/resource/Bishopsbourne,0,0.893574,0.011375,0.339454,0.0,0.336809,0.0,0.9885595122062653
http://dbpedia.org/resource/Alfonso_IV_of_Aragon,http://dbpedia.org/ontology/deathPlace,http://dbpedia.org/resource/Naples,0,0.092856,0.0,0.065329,1.0,0.037345,0.0,0.710570978899016
http://dbpedia.org/resource/Arthur_de_Gobineau,http://dbpedia.org/ontology/birthPlace,http://dbpedia.org/resource/Turin,0,0.893574,0.247875,0.122748,0.0,0.139635,0.0,0.9818103695865351
"http://dbpedia.org/resource/Albert_VII,_Archduke_of_Austria",http://dbpedia.org/ontology/deathPlace,http://dbpedia.org/resource/Wiener_Neustadt,0,0.064142,0.0,0.06119,1.0,0.044525,0.0,0.30239031346541334
http://dbpedia.org/resource/Joseph_Conrad,http://dbpedia.org/ontology/deathPlace,http://dbpedia.org/resource/Berdychiv,0,0.893574,0.014375,0.208045,0.0,0.215909,0.0,0.9885595122062653
http://dbpedia.org/resource/Catherine_of_Aragon,http://dbpedia.org/ontology/deathPlace,http://dbpedia.org/resource/Alcalá_de_Henares,0,0.069074,0.0,0.056907,1.0,0.022629,0.0,0.5695135300857987
http://dbpedia.org/resource/Joris_Ivens,http://dbpedia.org/ontology/deathPlace,http://dbpedia.org/resource/Nijmegen,0,0.893574,0.0755,0.155117,0.0,0.165816,0.0,0.9821821292163333
http://dbpedia.org/resource/Gregory_Bateson,http://dbpedia.org/ontology/deathPlace,http://dbpedia.org/resource/Grantchester,0,0.893574,0.011125,0.280509,0.0,0.282076,0.0,0.9885595122062653
http://dbpedia.org/resource/James_Wilkinson,http://dbpedia.org/ontology/birthPlace,http://dbpedia.org/resource/Mexico_City,0,0.893574,1.416125,0.106414,0.0,0.231094,0.0,0.9797455565613589
http://dbpedia.org/resource/Ivan_Bunin,http://dbpedia.org/ontology/deathPlace,http://dbpedia.org/resource/Voronezh,0,0.893574,0.04,0.156629,0.0,0.17247,0.0,0.9885595122062653
http://dbpedia.org/resource/J._R._R._Tolkien,http://dbpedia.org/ontology/deathPlace,http://dbpedia.org/resource/Bloemfontein,0,0.893574,0.073375,0.14985,0.0,0.174248,0.0,0.9821821292163333
http://dbpedia.org/resource/Gregory_Bateson,http://dbpedia.org/ontology/birthPlace,http://dbpedia.org/resource/San_Francisco,0,0.113513,0.005375,0.073474,0.0,0.072029,1.0,0.9733560793084091
http://dbpedia.org/resource/Jean-Jacques_Rousseau,http://dbpedia.org/ontology/birthPlace,http://dbpedia.org/resource/Ermenonville,0,0.893574,0.02525,0.476505,0.0,0.447949,0.0,0.9885595122062653
http://dbpedia.org/resource/Alfred_Hitchcock,http://dbpedia.org/ontology/birthPlace,"http://dbpedia.org/resource/Bel_Air,_Los_Angeles",0,0.893574,0.039625,0.215629,0.0,0.253382,0.0,0.9885595122062653
http://dbpedia.org/resource/F._F._E._Yeo-Thomas,http://dbpedia.org/ontology/deathPlace,http://dbpedia.org/resource/London,0,0.081084,0.007,0.056491,1.0,0.041803,0.0,0.7719928938275042
http://dbpedia.org/resource/Ernst_Mayr,http://dbpedia.org/ontology/deathPlace,http://dbpedia.org/resource/Kempten,0,0.893574,0.008375,0.210031,0.0,0.212503,0.0,0.9885595122062653
http://dbpedia.org/resource/Frank_Capra,http://dbpedia.org/ontology/birthPlace,"http://dbpedia.org/resource/La_Quinta,_California",0,0.063945,0.00025,0.065209,0.0,0.043974,1.0,0.8097158188200676
http://dbpedia.org/resource/Ivan_Bunin,http://dbpedia.org/ontology/birthPlace,http://dbpedia.org/resource/Paris,0,0.893574,2.66625,0.09787,0.0,0.127152,0.0,0.9797455565613589
http://dbpedia.org/resource/Carlo_Goldoni,http://dbpedia.org/ontology/deathPlace,http://dbpedia.org/resource/Venice,0,0.893574,0.193125,0.129672,0.0,0.207211,0.0,0.983544888834373
http://dbpedia.org/resource/Anton_Chekhov,http://dbpedia.org/ontology/birthPlace,http://dbpedia.org/resource/Badenweiler,0,0.893574,0.01875,0.302793,0.0,0.311087,0.0,0.9885595122062653
http://dbpedia.org/resource/Austen_Henry_Layard,http://dbpedia.org/ontology/deathPlace,http://dbpedia.org/resource/Paris,0,0.146762,0.009625,0.067115,0.0,0.046361,1.0,0.9733560793084091
http://dbpedia.org/resource/John_A._Macdonald,http://dbpedia.org/ontology/birthPlace,http://dbpedia.org/resource/Ottawa,0,0.893574,0.842,0.112394,0.0,0.200699,0.0,0.9797455565613589
http://dbpedia.org/resource/Joe_Strummer,http://dbpedia.org/ontology/deathPlace,http://dbpedia.org/resource/Ankara,0,0.893574,0.180375,0.125081,0.0,0.142522,0.0,0.983544888834373
"http://dbpedia.org/resource/Albert_VII,_Archduke_of_Austria",http://dbpedia.org/ontology/birthPlace,http://dbpedia.org/resource/Brussels,0,0.089123,0.00025,0.088676,0.0,0.068605,1.0,0.9799521282021753
http://dbpedia.org/resource/Anton_Chekhov,http://dbpedia.org/ontology/deathPlace,http://dbpedia.org/resource/Taganrog,0,0.893574,0.05775,0.160763,0.0,0.312946,0.0,0.9915206105043967
http://dbpedia.org/resource/Benoit_Mandelbrot,http://dbpedia.org/ontology/deathPlace,http://dbpedia.org/resource/Warsaw,0,0.092955,0.000875,0.076464,1.0,0.04571,0.0,0.710570978899016
http://dbpedia.org/resource/George_Frideric_Handel,http://dbpedia.org/ontology/birthPlace,http://dbpedia.org/resource/London,0,0.893574,4.32875,0.090621,0.0,0.132589,0.0,0.9797455565613589
http://dbpedia.org/resource/Adelaide_of_Italy,http://dbpedia.org/ontology/deathPlace,http://dbpedia.org/resource/Orbe,0,0.893574,0.004625,0.244436,0.0,0.235254,0.0,0.9885595122062653
http://dbpedia.org/resource/James_Wilkinson,http://dbpedia.org/ontology/deathPlace,"http://dbpedia.org/resource/Benedict,_Maryland",0,0.156259,0.002875,0.144532,1.0,0.056688,0.0,0.710570978899016
http://dbpedia.org/resource/Aaliyah,http://dbpedia.org/ontology/deathPlace,http://dbpedia.org/resource/Brooklyn,0,0.161024,0.169,0.074237,0.0,0.057909,0.0,0.983544888834373
http://dbpedia.org/resource/Hawley_Harvey_Crippen,http://dbpedia.org/ontology/birthPlace,http://dbpedia.org/resource/London,0,0.893574,4.3265,0.090621,0.0,0.135466,0.0,0.9797455565613589
http://dbpedia.org/resource/Abbas_II_of_Egypt,http://dbpedia.org/ontology/birthPlace,http://dbpedia.org/resource/Geneva,0,0.092233,0.00025,0.066428,0.0,0.031814,1.0,0.9733560793084091
http://dbpedia.org/resource/Joris_Ivens,http://dbpedia.org/ontology/birthPlace,http://dbpedia.org/resource/Paris,0,0.893574,1.72075,0.09787,0.0,0.1422,0.0,0.9797455565613589
http://dbpedia.org/resource/John_A._Roebling,http://dbpedia.org/ontology/birthPlace,http://dbpedia.org/resource/New_York_City,0,0.893574,3.539625,0.090201,0.0,0.126311,0.0,0.9797455565613589
http://dbpedia.org/resource/John_Stuart_Mill,http://dbpedia.org/ontology/deathPlace,http://dbpedia.org/resource/London_Borough_of_Islington,0,0.077492,0.00475,0.06469,1.0,0.031423,1.0,0.9347884800525674
http://dbpedia.org/resource/Jean-Jacques_Rousseau,http://dbpedia.org/ontology/deathPlace,http://dbpedia.org/resource/Geneva,0,0.893574,0.201875,0.126189,0.0,0.166039,0.0,0.983544888834373
http://dbpedia.org/resource/Cornelius_Johnson_(artist),http://dbpedia.org/ontology/deathPlace,http://dbpedia.org/resource/London,0,0.123298,0.9155,0.055644,0.0,0.03342,0.0,0.9797455565613589
"http://dbpedia.org/resource/Francis_II,_Holy_Roman_Emperor",http://dbpedia.org/ontology/birthPlace,http://dbpedia.org/resource/Vienna,0,0.097074,0.01,0.088178,0.0,0.076222,1.0,0.9733560793084091
http://dbpedia.org/resource/Fay_Wray,http://dbpedia.org/ontology/deathPlace,http://dbpedia.org/resource/Alberta,0,0.088136,0.0,0.055191,1.0,0.034875,0.0,0.7719928938275042
http://dbpedia.org/resource/Eduard_von_Böhm-Ermolli,http://dbpedia.org/ontology/birthPlace,http://dbpedia.org/resource/Opava,0,0.06653,0.0,0.060184,0.0,0.034124,1.0,0.753605054921144
http://dbpedia.org/resource/Abd_al-Rahman_I,http://dbpedia.org/ontology/birthPlace,"http://dbpedia.org/resource/Córdoba,_Spain",0,0.080343,0.0,0.072711,0.0,0.042981,1.0,0.9799521282021753
http://dbpedia.org/resource/Fay_Wray,http://dbpedia.org/ontology/birthPlace,http://dbpedia.org/resource/New_York_City,0,0.166241,0.009875,0.06804,0.0,0.080171,1.0,0.9733560793084091
http://dbpedia.org/resource/John_von_Neumann,http://dbpedia.org/ontology/birthPlace,"http://dbpedia.org/resource/Washington,_D.C.",0,0.893574,1.7905,0.099963,0.0,0.150672,0.0,0.9797455565613589
http://dbpedia.org/resource/Amerigo_Vespucci,http://dbpedia.org/ontology/birthPlace,http://dbpedia.org/resource/Seville,0,0.893574,0.108,0.132994,0.0,0.161779,0.0,0.9815243689487604
http://dbpedia.org/resource/Henry_Moseley,http://dbpedia.org/ontology/birthPlace,http://dbpedia.org/resource/Gelibolu,0,0.090476,0.000875,0.075922,0.0,0.035067,0.0,0.9885595122062653
http://dbpedia.org/resource/F._F._E._Yeo-Thomas,http://dbpedia.org/ontology/birthPlace,http://dbpedia.org/resource/Paris,0,0.073804,0.02775,0.059226,0.0,0.03561,1.0,0.8867615556151563
http://dbpedia.org/resource/Henry_Moseley,http://dbpedia.org/ontology/deathPlace,"http://dbpedia.org/resource/Weymouth,_Dorset",0,0.893574,0.02925,0.176279,0.0,0.200856,0.0,0.9885595122062653
http://dbpedia.org/resource/Abd_al-Rahman_I,http://dbpedia.org/ontology/deathPlace,http://dbpedia.org/resource/Damascus,0,0.097114,0.0,0.070612,1.0,0.053687,0.0,0.710570978899016
http://dbpedia.org/resource/C._S._Forester,http://dbpedia.org/ontology/deathPlace,http://dbpedia.org/resource/Cairo,0,0.893574,0.317625,0.117458,0.0,0.143875,1.0,0.9923896399941475
http://dbpedia.org/resource/Hawley_Harvey_Crippen,http://dbpedia.org/ontology/deathPlace,"http://dbpedia.org/resource/Coldwater,_Michigan",0,0.893574,0.010625,0.192691,0.0,0.187611,0.0,0.9885595122062653
http://dbpedia.org/resource/John_Peel,http://dbpedia.org/ontology/birthPlace,http://dbpedia.org/resource/Cusco,0,0.893574,0.016,0.178091,0.0,0.176005,0.0,0.9885595122062653
"http://dbpedia.org/resource/Christina,_Queen_of_Sweden",http://dbpedia.org/ontology/birthPlace,http://dbpedia.org/resource/Rome,0,0.077242,0.0,0.051436,0.0,0.036437,1.0,0.9867172030913098
http://dbpedia.org/resource/John_Peel,http://dbpedia.org/ontology/deathPlace,http://dbpedia.org/resource/Heswall,0,0.893574,0.00475,0.250267,0.0,0.243921,0.0,0.9885595122062653
http://dbpedia.org/resource/André_Weil,http://dbpedia.org/ontology/birthPlace,"http://dbpedia.org/resource/Princeton,_New_Jersey",0,0.893574,0.08075,0.137641,0.0,0.162808,0.0,0.9821821292163333
http://dbpedia.org/resource/John_von_Neumann,http://dbpedia.org/ontology/deathPlace,http://dbpedia.org/resource/Budapest,0,0.893574,0.93,0.107218,0.0,0.188082,0.0,0.9797455565613589
http://dbpedia.org/resource/Eugene_Wigner,http://dbpedia.org/ontology/birthPlace,"http://dbpedia.org/resource/Princeton,_New_Jersey",0,0.893574,0.07525,0.137641,0.0,0.18221,0.0,0.9821821292163333
http://dbpedia.org/resource/Emma_Goldman,http://dbpedia.org/ontology/birthPlace,http://dbpedia.org/resource/Toronto,0,0.893574,1.332375,0.099205,0.0,0.116027,0.0,0.9797455565613589
http://dbpedia.org/resource/Augustus_II_the_Strong,http://dbpedia.org/ontology/deathPlace,http://dbpedia.org/resource/Dresden,0,0.192654,0.000875,0.093266,1.0,0.096133,0.0,0.710570978899016
http://dbpedia.org/resource/Frédéric_Bastiat,http://dbpedia.org/ontology/birthPlace,http://dbpedia.org/resource/Rome,0,0.893574,1.2525,0.102577,0.0,0.127503,0.0,0.9797455565613589
"http://dbpedia.org/resource/Francis_II,_Holy_Roman_Emperor",http://dbpedia.org/ontology/deathPlace,http://dbpedia.org/resource/Florence,0,0.128807,0.000375,0.074633,1.0,0.051986,0.0,0.710570978899016
http://dbpedia.org/resource/Eduard_von_Böhm-Ermolli,http://dbpedia.org/ontology/deathPlace,http://dbpedia.org/resource/Ancona,0,0.05291,0.000375,0.060211,1.0,0.029753,0.0,0.035501011159827844
http://dbpedia.org/resource/Austen_Henry_Layard,http://dbpedia.org/ontology/birthPlace,http://dbpedia.org/resource/London,0,0.20394,0.06475,0.074976,0.0,0.075522,1.0,0.9918039020736863
http://dbpedia.org/resource/Joe_Strummer,http://dbpedia.org/ontology/birthPlace,"http://dbpedia.org/resource/Broomfield,_Somerset",0,0.893574,0.0165,0.286952,0.0,0.276488,0.0,0.9885595122062653
"http://dbpedia.org/resource/Christina,_Queen_of_Sweden",http://dbpedia.org/ontology/deathPlace,http://dbpedia.org/resource/Stockholm,0,0.097584,0.00025,0.065548,1.0,0.040881,0.0,0.710570978899016
http://dbpedia.org/resource/Irenaeus,http://dbpedia.org/ontology/birthPlace,http://dbpedia.org/resource/Lyon,0,0.259546,0.090875,0.102502,0.0,0.09112,1.0,0.9901164996195291
http://dbpedia.org/resource/Cornelius_Johnson_(artist),http://dbpedia.org/ontology/birthPlace,http://dbpedia.org/resource/Utrecht,0,0.893574,0.153,0.13483,0.0,0.154668,1.0,0.9878694344375343
http://dbpedia.org/resource/Alfred_Hitchcock,http://dbpedia.org/ontology/deathPlace,http://dbpedia.org/resource/London,0,0.27786,0.062125,0.077036,0.0,0.098321,0.0,0.9833074894321491
http://dbpedia.org/resource/Adelaide_of_Italy,http://dbpedia.org/ontology/birthPlace,http://dbpedia.org/resource/Alsace,0,0.893574,0.0265,0.162668,0.0,0.201923,0.0,0.9885595122062653
http://dbpedia.org/resource/Frédéric_Bastiat,http://dbpedia.org/ontology/deathPlace,http://dbpedia.org/resource/Bayonne,0,0.893574,0.04,0.166372,0.0,0.181799,0.0,0.9885595122062653
http://dbpedia.org/resource/John_Stuart_Mill,http://dbpedia.org/ontology/birthPlace,http://dbpedia.org/resource/Avignon,0,0.893574,0.044875,0.159154,0.0,0.220527,0.0,0.9885595122062653
http://dbpedia.org/resource/Carlo_Goldoni,http://dbpedia.org/ontology/birthPlace,http://dbpedia.org/resource/Paris,0,0.893574,1.709375,0.09787,0.0,0.126575,0.0,0.9797455565613589
http://dbpedia.org/resource/Benoit_Mandelbrot,http://dbpedia.org/ontology/birthPlace,"http://dbpedia.org/resource/Cambridge,_Massachusetts",0,0.084959,0.001375,0.081741,0.0,0.05269,1.0,0.9799521282021753
http://dbpedia.org/resource/Aaliyah,http://dbpedia.org/ontology/birthPlace,http://dbpedia.org/resource/Marsh_Harbour,0,0.893574,0.019,0.312771,0.0,0.36699,0.0,0.9885595122062653
http://dbpedia.org/resource/Henry_I_of_England,http://dbpedia.org/ontology/birthPlace,http://dbpedia.org/resource/Lyons-la-Forêt,0,0.072698,0.0,0.08401,0.0,0.036512,1.0,0.8867615556151563
http://dbpedia.org/resource/James_Clavell,http://dbpedia.org/ontology/birthPlace,http://dbpedia.org/resource/Vevey,0,0.893574,0.019125,0.187591,0.0,0.209789,0.0,0.9885595122062653
http://dbpedia.org/resource/Irenaeus,http://dbpedia.org/ontology/deathPlace,http://dbpedia.org/resource/İzmir,0,0.118086,0.05025,0.077524,1.0,0.052463,0.0,0.710570978899016
http://dbpedia.org/resource/Ernst_Mayr,http://dbpedia.org/ontology/birthPlace,"http://dbpedia.org/resource/Bedford,_Massachusetts",0,0.893574,0.009125,0.204423,0.0,0.208455,0.0,0.9885595122062653
http://dbpedia.org/resource/J._R._R._Tolkien,http://dbpedia.org/ontology/birthPlace,http://dbpedia.org/resource/Bournemouth,0,0.893574,0.098875,0.140973,0.0,0.222119,0.0,0.9815243689487604
http://dbpedia.org/resource/Henry_I_of_England,http://dbpedia.org/ontology/deathPlace,http://dbpedia.org/resource/Selby,0,0.071653,0.00025,0.060528,1.0,0.027368,0.0,0.22507050049504118
http://dbpedia.org/resource/Bernardo_O'Higgins,http://dbpedia.org/ontology/deathPlace,http://dbpedia.org/resource/Chillán,0,0.292667,0.003875,0.152603,1.0,0.129044,0.0,0.710570978899016
"http://dbpedia.org/resource/Diana,_Princess_of_Wales",http://dbpedia.org/ontology/birthPlace,http://dbpedia.org/resource/Paris,0,0.108899,0.002625,0.076623,0.0,0.046397,1.0,0.9733560793084091
http://dbpedia.org/resource/Amerigo_Vespucci,http://dbpedia.org/ontology/deathPlace,http://dbpedia.org/resource/Florence,0,0.893574,0.246125,0.123749,0.0,0.163978,0.0,0.9818103695865351
http://dbpedia.org/resource/C._S._Forester,http://dbpedia.org/ontology/birthPlace,"http://dbpedia.org/resource/Fullerton,_California",0,0.893574,0.028875,0.159676,0.0,0.166653,0.0,0.9885595122062653
http://dbpedia.org/resource/Bernardo_O'Higgins,http://dbpedia.org/ontology/birthPlace,http://dbpedia.org/resource/Lima,0,0.267824,0.006875,0.097944,0.0,0.106161,1.0,0.9733560793084091
http://dbpedia.org/resource/John_A._Macdonald,http://dbpedia.org/ontology/deathPlace,http://dbpedia.org/resource/Glasgow,0,0.893574,0.837,0.106115,0.0,0.13761,0.0,0.9797455565613589
http://dbpedia.org/resource/Augustus_II_the_Strong,http://dbpedia.org/ontology/birthPlace,http://dbpedia.org/resource/Warsaw,0,0.119766,0.0015,0.072804,0.0,0.076135,1.0,0.9733560793084091
http://dbpedia.org/resource/André_Weil,http://dbpedia.org/ontology/deathPlace,http://dbpedia.org/resource/Paris,0,0.893574,1.78925,0.09787,0.0,0.133767,0.0,0.9797455565613589
http://dbpedia.org/resource/Abbas_II_of_Egypt,http://dbpedia.org/ontology/deathPlace,http://dbpedia.org/resource/Alexandria,0,0.123991,0.002625,0.078208,1.0,0.049049,0.0,0.710570978899016
http://dbpedia.org/resource/Alexander_Kerensky,http://dbpedia.org/ontology/birthPlace,http://dbpedia.org/resource/New_York_City,0,0.893574,4.6455,0.090201,0.0,0.134222,0.0,0.9797455565613589
"http://dbpedia.org/resource/Diana,_Princess_of_Wales",http://dbpedia.org/ontology/deathPlace,"http://dbpedia.org/resource/Sandringham,_Norfolk",0,0.151797,0.00175,0.14522,1.0,0.064295,0.0,0.710570978899016
